5182,912 0,265979527320901
5183,2993 0,256780350685843
5183,6866 0,246734538720093
5184,074 0,241710680804129
5184,4615 0,238604207101969
5184,8491 0,234597601618694
5185,2368 0,226249667374363
5185,6246 0,221543815379308
5186,0125 0,216224753246649
5186,4004 0,216732788107844
5186,7885 0,210968278871073
5187,1766 0,204032618692716
5187,5649 0,201251765954618
5187,9532 0,199355965112849
5188,3416 0,834063859736129
5188,7301 0,986020660491519
5189,1187 1,14823801974628
5189,5074 1,20948874450833
5189,8962 1,18901362721045
5190,2851 1,1769830923861
5190,674 1,12511044668917
5191,0631 1,07414007940265
5191,4522 1,0030978373405
5191,8414 0,965691144357379
5192,2308 0,943798074579117
5192,6202 0,955781875918225
5193,0097 0,982934097670399
5193,3993 0,990301087505168
5193,789 1,01147631900866
5194,1787 1,02932408963396
5194,5686 1,0066483814636
5194,9586 0,982079150790976
5195,3486 0,958650938281645
5195,7387 0,980142934998172
5196,129 0,968227444261241
5196,5193 0,98987942174641
5196,9097 0,997607278398876
5197,3002 0,996298823987578
5197,6908 1,01824614544765
5198,0814 0,998363827892594
5198,4722 1,00526922885166
5198,8631 1,02452632241848
5199,254 1,0179989924552
5199,6451 1,01015019216714
5200,0362 1,01667146105095
5200,4274 1,00357988172966
5200,8187 0,951141063341687
5201,2101 0,918832912422324
5201,6016 0,903767004923243
5201,9932 0,928980741366732
5202,3849 0,929795703468118
5202,7766 0,916205189360623
5203,1685 0,891734946349552
5203,5604 0,868112417211852
5203,9524 0,842317642151795
5204,3446 0,806313781284465
5204,7368 0,759829252046615
5205,1291 0,738991069288511
5205,5215 0,74227379680137
5205,9139 0,748401229891824
5206,3065 0,747218473797561
5206,6992 0,745571379629465
5207,0919 0,737111824299356
5207,4848 0,715601941810135
5207,8777 0,721170094480522
5208,2707 0,71590896075178
5208,6638 0,71420675629505
5209,057 0,728224896744528
5209,4503 0,743924765725775
5209,8437 0,772208188536958
5210,2372 0,806497439251043
5210,6307 0,835014988106787
5211,0244 0,845130075896998
5211,4181 0,87522340630587
5211,8119 0,888083245425312
5212,2058 0,892699169588579
5212,5999 0,889083296123886
5212,994 0,904412501031902
5213,3881 0,879281381299594
5213,7824 0,867267184500572
5214,1768 0,846926419018544
5214,5712 0,811078033843124
5214,9658 0,794783357434433
5215,3604 0,77183223454741
5215,7551 0,762063899113587
5216,15 0,773479055728244
5216,5449 0,762852211113365
5216,9399 0,796817942892721
5217,3349 0,792896124139292
5217,7301 0,810789385137772
5218,1254 0,834462512961795
5218,5207 0,841828559717435
5218,9162 0,847949105339809
5219,3117 0,864167607827361
5219,7073 0,862103904425794
5220,103 0,874757955701037
5220,4988 0,859458472405092
5220,8947 0,870000878944551
5221,2907 0,863860056043052
5221,6868 0,841302261530198
5222,0829 0,846045705166532
5222,4792 0,832907213011782
5222,8755 0,818343807367494
5223,272 0,799103032436038
5223,6685 0,782417432386996
5224,0651 0,740785624213145
5224,4618 0,72510260001658
5224,8586 0,700033606819806
5225,2554 0,668970864893329
5225,6524 0,635237119875801
5226,0494 0,62496919591879
5226,4466 0,617136222758375
5226,8438 0,627665157803296
5227,2411 0,652557683096248
5227,6385 0,672825215559729
5228,036 0,716615015928854
5228,4336 0,743793701848747
5228,8313 0,756669568318798
5229,2291 0,763473712468367
5229,6269 0,784591838973842
5230,0249 0,786707149874068
5230,4229 0,790016812120704
5230,821 0,786968781273639
5231,2192 0,772227597257781
5231,6175 0,753296210863389
5232,0159 0,722022394733977
5232,4144 0,706072403863292
5232,813 0,700626403385222
5233,2116 0,703803444919965
5233,6104 0,708064327521383
5234,0092 0,732645228087107
5234,4081 0,751045193504441
5234,8072 0,767008978257722
5235,2063 0,785649867370788
5235,6054 0,782369574399006
5236,0047 0,802005042745726
5236,4041 0,813707220941592
5236,8036 0,832910631026697
5237,2031 0,821300577655263
5237,6027 0,829803877040241
5238,0025 0,82497523758272
5238,4023 0,829043638693314
5238,8022 0,827412042329807
5239,2022 0,838317279396764
5239,6023 0,823934147272444
5240,0024 0,828955165906854
5240,4027 0,828462106496385
5240,803 0,828520956509005
5241,2035 0,814414359392561
5241,604 0,811155155541013
5242,0046 0,80771190580799
5242,4053 0,787192505562803
5242,8061 0,785518488894451
5243,207 0,8115868293402
5243,608 0,811746439146773
5244,009 0,83649686394372
5244,4102 0,841446335108611
5244,8114 0,840681109948905
5245,2127 0,833740523166519
5245,6141 0,812763244921097
5246,0156 0,791213211749469
5246,4172 0,771256537565202
5246,8189 0,751902290551297
5247,2207 0,75107778540733
5247,6225 0,768136522079818
5248,0245 0,748138215835365
5248,4265 0,768640141358158
5248,8286 0,770760419051247
5249,2308 0,760812096897549
5249,6331 0,751233517123828
5250,0355 0,743468207171367
5250,438 0,742771287175884
5250,8406 0,749717943709484
5251,2432 0,765716871044906
5251,646 0,768559668321372
5252,0488 0,777574765808937
5252,4517 0,784674744139488
5252,8547 0,78114435810057
5253,2578 0,773018576493818
5253,661 0,763201363076859
5254,0643 0,744072583937388
5254,4677 0,741783649612025
5254,8711 0,752622898662135
5255,2747 0,756262343772779
5255,6783 0,783316265065079
5256,082 0,795026511284289
5256,4858 0,816864802668984
5256,8897 0,835260643269454
5257,2937 0,846285534196843
5257,6977 0,854989542094895
5258,1019 0,858721573631264
5258,5062 0,848417601076491
5258,9105 0,844698345487761
5259,3149 0,839052402695276
5259,7194 0,814876277461055
5260,124 0,79209166237204
5260,5287 0,769397369820675
5260,9335 0,735917492379788
5261,3384 0,718511381878789
5261,7433 0,696692860296524
5262,1483 0,661358131958984
5262,5535 0,654663989279158
5262,9587 0,63286193131879
5263,364 0,632647796704437
5263,7694 0,613868541224474
5264,1749 0,61380063536678
5264,5805 0,595675746665709
5264,9861 0,582424225308385
5265,3919 0,585424775490543
5265,7977 0,586680376293142
5266,2036 0,610376596746761
5266,6096 0,640944432394628
5267,0157 0,669318101358081
5267,4219 0,664933359670518
5267,8282 0,651223029994375
5268,2346 0,6164583234655
5268,641 0,573633210137003
5269,0476 0,542570989105335
5269,4542 0,536222299725131
5269,8609 0,548349031881761
5270,2677 0,590011883971947
5270,6746 0,635643164234044
5271,0816 0,673758408892463
5271,4887 0,714262789261729
5271,8958 0,717701441593621
5272,3031 0,736927299836065
5272,7104 0,736902542524616
5273,1178 0,740417403287058
5273,5253 0,735043044016268
5273,9329 0,732840738901596
5274,3406 0,714302969531149
5274,7484 0,708413873563366
5275,1562 0,721017857478171
5275,5642 0,743090380302425
5275,9722 0,761031972870897
5276,3804 0,781721739014375
5276,7886 0,825336911060027
5277,1969 0,846357975387887
5277,6053 0,84848398552533
5278,0137 0,849822153504701
5278,4223 0,848912323925454
5278,831 0,837857032783324
5279,2397 0,830178727757842
5279,6485 0,810626951018893
5280,0574 0,776234641671399
5280,4664 0,759735155215463
5280,8755 0,749730356093157
5281,2847 0,746289187841994
5281,694 0,719749273349514
5282,1033 0,720574658119693
5282,5128 0,712948893554414
5282,9223 0,708762021655049
5283,3319 0,712680182671977
5283,7416 0,735576235381752
5284,1514 0,753957385611364
5284,5613 0,782259913401544
5284,9713 0,822787866954692
5285,3814 0,851892023678216
5285,7915 0,865272610514266
5286,2017 0,861152064912509
5286,6121 0,874241521755035
5287,0225 0,872040635571295
5287,433 0,855934446188812
5287,8435 0,860955914476926
5288,2542 0,859485956707044
5288,665 0,871103715951868
5289,0758 0,875469503856783
5289,4868 0,871081470172643
5289,8978 0,884352743529933
5290,3089 0,901367301055667
5290,7201 0,90025305834795
5291,1314 0,883701804450717
5291,5427 0,873526771769227
5291,9542 0,868333215280837
5292,3658 0,872408855317887
5292,7774 0,85667714571243
5293,1891 0,849738813927401
5293,6009 0,864589485938958
5294,0128 0,85179144553709
5294,4248 0,840085293295185
5294,8369 0,824688736918608
5295,249 0,806838924692236
5295,6613 0,784068573937464
5296,0736 0,74209068636079
5296,4861 0,700754962823639
5296,8986 0,682689722967785
5297,3112 0,679834405723878
5297,7239 0,685507669198008
5298,1366 0,706450314605418
5298,5495 0,730266615476086
5298,9624 0,762094059215384
5299,3755 0,776287545547614
5299,7886 0,75889896430891
5300,2018 0,742944393790565
5300,6151 0,724015325977539
5301,0285 0,694456274143941
5301,442 0,704780757358388
5301,8555 0,733359689108195
5302,2692 0,795229393752367
5302,6829 0,830867457548186
5303,0967 0,859267896170657
5303,5106 0,87159361293953
5303,9246 0,895401408251876
5304,3387 0,889392948454466
5304,7529 0,89808359279536
5305,1672 0,894300113694845
5305,5815 0,878306505659517
5305,9959 0,882037771052545
5306,4105 0,855965955826445
5306,8251 0,862016814912322
5307,2398 0,849687049793347
5307,6546 0,87391769090306
5308,0694 0,882959170036015
5308,4844 0,891952600916287
5308,8994 0,908363112336968
5309,3146 0,911213293971911
5309,7298 0,919524784216968
5310,1451 0,909586420702557
5310,5605 0,91250255603069
5310,976 0,912464574066389
5311,3915 0,905133964589527
5311,8072 0,897900833520879
5312,2229 0,890003723003789
5312,6388 0,889707768703492
5313,0547 0,884630027781439
5313,4707 0,871219931502707
5313,8868 0,876341016312687
5314,303 0,877113705505935
5314,7192 0,873733026190567
5315,1356 0,853525150871361
5315,552 0,841241882937124
5315,9686 0,846809294968133
5316,3852 0,846946644409801
5316,8019 0,843950574178794
5317,2187 0,854642924328784
5317,6355 0,856965703745336
5318,0525 0,862924608580631
5318,4696 0,852683504188061
5318,8867 0,869710441532135
5319,3039 0,866395871925085
5319,7212 0,855289266687136
5320,1386 0,857587749676156
5320,5561 0,84888414942797
5320,9737 0,842706751961123
5321,3913 0,841866232074973
5321,8091 0,829520705441668
5322,2269 0,815760876891689
5322,6449 0,791048783843061
5323,0629 0,767851637376174
5323,481 0,747804288750293
5323,8991 0,742873890888529
5324,3174 0,751747203834033
5324,7358 0,766063654733068
5325,1542 0,77477303581095
5325,5727 0,782364083196752
5325,9914 0,765822047484655
5326,4101 0,715942011469172
5326,8289 0,667421416282429
5327,2477 0,626179325922357
5327,6667 0,601595884614308
5328,0858 0,599242429508942
5328,5049 0,625090234241837
5328,9241 0,67595897714251
5329,3434 0,730401762481732
5329,7628 0,778322105385421
5330,1823 0,817103951200765
5330,6019 0,848929044463646
5331,0216 0,859619502955518
5331,4413 0,84962074418787
5331,8611 0,850951715127558
5332,2811 0,840126010274089
5332,7011 0,846861942661261
5333,1212 0,849591967272221
5333,5414 0,882328276411984
5333,9616 0,889231502092998
5334,382 0,901882366949201
5334,8024 0,900745129277012
5335,223 0,908942258453933
5335,6436 0,903000698750493
5336,0643 0,888488049133833
5336,4851 0,894914385696001
5336,906 0,886443673092391
5337,3269 0,882004044714429
5337,748 0,87494325734167
5338,1691 0,856755880658211
5338,5903 0,823209166827666
5339,0116 0,783037466034467
5339,433 0,760803448441289
5339,8545 0,746491747767259
5340,2761 0,740980957254345
5340,6978 0,754959250641333
5341,1195 0,794259694643585
5341,5413 0,820149667391845
5341,9633 0,847290112394866
5342,3853 0,860801750170081
5342,8074 0,878571140767747
5343,2295 0,875860368432698
5343,6518 0,868772070839104
5344,0742 0,857503031874747
5344,4966 0,862559763972704
5344,9191 0,845257482979239
5345,3417 0,837769237433497
5345,7644 0,836350275110397
5346,1872 0,84446416073579
5346,6101 0,843440411040941
5347,0331 0,841546157070279
5347,4561 0,823122754362625
5347,8793 0,81031527357056
5348,3025 0,798998512432004
5348,7258 0,810068757601606
5349,1492 0,813028045669162
5349,5727 0,838235250108654
5349,9962 0,854338645295219
5350,4199 0,88548947777801
5350,8436 0,893369033541422
5351,2674 0,908777709385291
5351,6914 0,903535647869308
5352,1154 0,896961952411245
5352,5395 0,884962885708249
5352,9636 0,888199495254871
5353,3879 0,889811083114503
5353,8122 0,914257731787098
5354,2367 0,921096362751174
5354,6612 0,938736566359581
5355,0858 0,939061039830666
5355,5105 0,947874604989958
5355,9353 0,958881468774907
5356,3601 0,95640141256833
5356,7851 0,944819627628626
5357,2101 0,951233024382293
5357,6353 0,942413910044623
5358,0605 0,949595479455291
5358,4858 0,942147942925967
5358,9112 0,944942077609565
5359,3366 0,938426711190223
5359,7622 0,925363555009913
5360,1878 0,924660536167227
5360,6136 0,91558677432561
5361,0394 0,900350129579917
5361,4653 0,893461609294713
5361,8913 0,881813370556454
5362,3174 0,879994595405284
5362,7435 0,880188905898289
5363,1698 0,862206246622478
5363,5961 0,847697654543999
5364,0226 0,842571009286417
5364,4491 0,836594725580636
5364,8757 0,823669992035188
5365,3024 0,842713747075979
5365,7291 0,826493184380868
5366,156 0,837456668982884
5366,5829 0,838654918764625
5367,01 0,841367137452882
5367,4371 0,826947548582969
5367,8643 0,830134093508639
5368,2916 0,81118901423851
5368,719 0,793394741226726
5369,1464 0,761959144548377
5369,574 0,740081067064708
5370,0016 0,69743507861885
5370,4293 0,690187775353113
5370,8572 0,694113581192135
5371,285 0,718459842512003
5371,713 0,75027233201842
5372,1411 0,798709767377644
5372,5693 0,826606982965843
5372,9975 0,867407779087768
5373,4258 0,880304190651257
5373,8542 0,89783798214954
5374,2827 0,908197483909558
5374,7113 0,9157724033714
5375,14 0,924208366519697
5375,5688 0,916433517037659
5375,9976 0,908854577020911
5376,4266 0,89182556962462
5376,8556 0,889980040799048
5377,2847 0,887371463229667
5377,7139 0,896448273513182
5378,1432 0,898243596045273
5378,5725 0,903133691586617
5379,002 0,900535924850243
5379,4315 0,898755146751962
5379,8611 0,89891352069275
5380,2908 0,900263928305368
5380,7206 0,88902496933391
5381,1505 0,877740096100015
5381,5805 0,858398981936786
5382,0106 0,84549141534003
5382,4407 0,825636727843968
5382,8709 0,833714382054358
5383,3013 0,836641724437143
5383,7317 0,860809170602194
5384,1621 0,869864599370328
5384,5927 0,889991920033375
5385,0234 0,906892273590833
5385,4541 0,895207708607491
5385,885 0,900669695340465
5386,3159 0,891184999218803
5386,7469 0,886902658449997
5387,178 0,890234348405342
5387,6092 0,875859740279896
5388,0404 0,868578818521281
5388,4718 0,845959128572069
5388,9032 0,848638013990642
5389,3348 0,832481934646368
5389,7664 0,823742355276464
5390,1981 0,825658642911164
5390,6299 0,82343557346519
5391,0617 0,811624207005645
5391,4937 0,806258766801452
5391,9257 0,795244898974649
5392,3579 0,800316583420117
5392,7901 0,792927175716916
5393,2224 0,804027499289977
5393,6548 0,789461614997508
5394,0872 0,805705885575664
5394,5198 0,813063123684206
5394,9525 0,819747622348256
5395,3852 0,804815084529985
5395,818 0,77351447125303
5396,2509 0,743700394985955
5396,6839 0,735550505787052
5397,117 0,735809005350426
5397,5502 0,759114266223297
5397,9834 0,785495582177278
5398,4167 0,810528405344481
5398,8502 0,828013606850626
5399,2837 0,827035386947247
5399,7173 0,83425463541634
5400,151 0,827075846644849
5400,5847 0,837668708453881
5401,0186 0,854844548344586
5401,4525 0,860683213082343
5401,8866 0,86299103211389
5402,3207 0,843624430561181
5402,7549 0,817696749667556
5403,1892 0,777550317465467
5403,6235 0,740998116319619
5404,058 0,709457404680441
5404,4926 0,681299586349516
5404,9272 0,672126805612065
5405,3619 0,681195932857333
5405,7967 0,704221070257428
5406,2316 0,739371466881495
5406,6666 0,766930951294422
5407,1016 0,803084886969452
5407,5368 0,820965794212652
5407,972 0,810658693092663
5408,4074 0,805632562979697
5408,8428 0,783539708801534
5409,2783 0,75962199671739
5409,7138 0,755963940530985
5410,1495 0,758782858005799
5410,5853 0,791930929828024
5411,0211 0,811717386133698
5411,457 0,845060380540941
5411,8931 0,858933216691919
5412,3292 0,876243792676214
5412,7653 0,8746327254981
5413,2016 0,876226962712589
5413,638 0,856188852089354
5414,0744 0,84441131119308
5414,5109 0,836861004283712
5414,9476 0,839748661978907
5415,3843 0,826462107497621
5415,8211 0,868913585238814
5416,2579 0,892668007637972
5416,6949 0,914058350264426
5417,1319 0,913167077446574
5417,5691 0,908788586736778
5418,0063 0,916833580870039
5418,4436 0,903655168286926
5418,881 0,877198556755042
5419,3185 0,873245593338785
5419,756 0,866636582743622
5420,1937 0,861643413415971
5420,6314 0,862949081961974
5421,0693 0,877131967803286
5421,5072 0,88420590046351
5421,9452 0,878933352693612
5422,3833 0,86322432774825
5422,8214 0,826602792286885
5423,2597 0,809300520599828
5423,698 0,79663638489809
5424,1365 0,800533699975212
5424,575 0,820038790146923
5425,0136 0,845043484125142
5425,4523 0,884531699924416
5425,891 0,906713285047356
5426,3299 0,916954839398233
5426,7688 0,921221977534199
5427,2079 0,917699232696122
5427,647 0,875808492251757
5428,0862 0,832242554752297
5428,5255 0,790144851530712
5428,9649 0,756173940978216
5429,4043 0,747017465683908
5429,8439 0,764429322276949
5430,2835 0,785706466954712
5430,7232 0,815831148784484
5431,163 0,835021870903839
5431,6029 0,833382303947875
5432,0429 0,819929205281013
5432,483 0,806193693106818
5432,9231 0,780306304707822
5433,3634 0,760259317954242
5433,8037 0,760199519536357
5434,2441 0,761918815935804
5434,6846 0,76642263499492
5435,1252 0,77964635132591
5435,5659 0,799199581350838
5436,0066 0,815751361926875
5436,4475 0,844448215696802
5436,8884 0,849573514187519
5437,3294 0,881386193320885
5437,7705 0,897823038542517
5438,2117 0,907075026024282
5438,653 0,920634360345631
5439,0943 0,927309448068645
5439,5358 0,927435698697239
5439,9773 0,924721769003028
5440,4189 0,926042556732902
5440,8606 0,924882206196482
5441,3024 0,922012663196519
5441,7443 0,924852726377064
5442,1863 0,923580522953917
5442,6283 0,920291500696919
5443,0705 0,913027990720262
5443,5127 0,890624456850727
5443,955 0,872389338907072
5444,3974 0,841822806024267
5444,8399 0,804479494444498
5445,2824 0,769102074725054
5445,7251 0,74190747591667
5446,1678 0,729144235099366
5446,6107 0,735182883771534
5447,0536 0,759053040088791
5447,4966 0,793601649679461
5447,9397 0,840901969596763
5448,3828 0,877184401596515
5448,8261 0,901966223063149
5449,2694 0,921571568816082
5449,7129 0,919711843355271
5450,1564 0,926645492190308
5450,6 0,920751712668264
5451,0437 0,91455314528886
5451,4875 0,908664896563382
5451,9313 0,909588381498339
5452,3753 0,903745806325734
5452,8193 0,889607009521203
5453,2634 0,871801269141755
5453,7076 0,846487158774806
5454,1519 0,799455691238299
5454,5963 0,77367005323093
5455,0408 0,755357398780865
5455,4853 0,758260212707868
5455,93 0,779697567326738
5456,3747 0,82158391196013
5456,8195 0,871537731637228
5457,2644 0,901532350154593
5457,7094 0,913826002996291
5458,1545 0,930487401633958
5458,5996 0,931519698067411
5459,0449 0,919251102625012
5459,4902 0,917594705771421
5459,9356 0,905236517329241
5460,3811 0,895580757534906
5460,8267 0,869524431120764
5461,2724 0,846812429992545
5461,7181 0,827793230551499
5462,164 0,806327728836117
5462,6099 0,79605196921458
5463,0559 0,801054346242353
5463,502 0,819418505741633
5463,9482 0,834017922852963
5464,3945 0,865134995074729
5464,8409 0,874852004109427
5465,2873 0,879638521250319
5465,7338 0,869667705927157
5466,1805 0,873476852417399
5466,6272 0,879241919957932
5467,074 0,887748915348751
5467,5209 0,892333758842838
5467,9678 0,911263273456798
5468,4149 0,906106101178121
5468,862 0,906382216777806
5469,3093 0,889642110438629
5469,7566 0,872386731351434
5470,204 0,873259590330542
5470,6515 0,874068207990846
5471,099 0,880834389065275
5471,5467 0,881267494444502
5471,9944 0,875744558732998
5472,4423 0,86824435714556
5472,8902 0,854378525908664
5473,3382 0,851528412825807
5473,7863 0,853724573673898
5474,2345 0,857202591075012
5474,6827 0,844272362769187
5475,1311 0,816927738218298
5475,5795 0,778543982047791
5476,028 0,75757812545405
5476,4766 0,741397695089213
5476,9253 0,757807455989594
5477,3741 0,786129501296661
5477,823 0,829821355692189
5478,2719 0,858409498114347
5478,721 0,882118374774062
5479,1701 0,877871710376964
5479,6193 0,861276573650414
5480,0686 0,841884378081845
5480,518 0,82349351218736
5480,9675 0,808077501284262
5481,4171 0,807739320015676
5481,8667 0,815232561961948
5482,3164 0,833305215012669
5482,7663 0,856325268319104
5483,2162 0,882867154266761
5483,6662 0,894849278813434
5484,1162 0,911838355372853
5484,5664 0,923962890909674
5485,0166 0,92036758770809
5485,467 0,917906328088625
5485,9174 0,911397598319772
5486,3679 0,876607549289456
5486,8185 0,859913215613005
5487,2692 0,843092176836363
5487,72 0,844266975261134
5488,1708 0,853003152194869
5488,6218 0,863613503748466
5489,0728 0,877875186485065
5489,5239 0,887981555974726
5489,9751 0,893262756844698
5490,4264 0,89889926643049
5490,8778 0,905724333601114
5491,3292 0,915067752137763
5491,7808 0,909392462184843
5492,2324 0,907785114143133
5492,6841 0,888831142367278
5493,136 0,884027435541563
5493,5879 0,880036134911946
5494,0398 0,884140064130218
5494,4919 0,888553420691028
5494,9441 0,895979032084346
5495,3963 0,896219957415913
5495,8486 0,879962345854575
5496,301 0,86389248967754
5496,7535 0,85575633726638
5497,2061 0,846206331419597
5497,6588 0,856213901804997
5498,1116 0,87086907853366
5498,5644 0,894699382846086
5499,0173 0,912219781730829
5499,4703 0,914816497889139
5499,9235 0,90246195696117
5500,3766 0,888238438607675
5500,8299 0,866477198698084
5501,2833 0,858541541621306
5501,7367 0,844031793178028
5502,1903 0,848162906571128
5502,6439 0,854708359136308
5503,0976 0,865930463851966
5503,5514 0,875174703238792
5504,0053 0,874224724860549
5504,4593 0,876453737576998
5504,9133 0,857850794008832
5505,3675 0,842836553143316
5505,8217 0,834330814513726
5506,276 0,821878191155874
5506,7304 0,831664253144233
5507,1849 0,846956199494775
5507,6395 0,879515676395659
5508,0942 0,895904631523697
5508,5489 0,901195325685006
5509,0037 0,905373226963118
5509,4587 0,901012177320388
5509,9137 0,893191395301621
5510,3688 0,885069326414281
5510,824 0,864338195416178
5511,2792 0,836262026020388
5511,7346 0,82132240300493
5512,19 0,810519450818571
5512,6456 0,801241353790777
5513,1012 0,804365274043673
5513,5569 0,82395200854729
5514,0127 0,835727685207025
5514,4686 0,849946402882412
5514,9245 0,862992713502525
5515,3806 0,86714033383591
5515,8367 0,872805573327258
5516,2929 0,878664921662515
5516,7492 0,889417794752348
5517,2056 0,901314944855206
5517,6621 0,910019431683546
5518,1187 0,923385772814888
5518,5754 0,926023137489515
5519,0321 0,932754450419007
5519,4889 0,931594781693037
5519,9459 0,925668997349414
5520,4029 0,928551864024651
5520,8599 0,917256849559588
5521,3171 0,915787294407672
5521,7744 0,917177126816754
5522,2317 0,912384012424276
5522,6892 0,92288046988358
5523,1467 0,922530201526727
5523,6043 0,917047663481686
5524,062 0,921828068852623
5524,5198 0,905498088691861
5524,9777 0,904598420657422
5525,4356 0,891418303007436
5525,8937 0,882800534305809
5526,3518 0,860525071939384
5526,81 0,837963869548795
5527,2683 0,807847530699463
5527,7267 0,784735643857821
5528,1852 0,783255751541148
5528,6438 0,787168574908022
5529,1024 0,829715204211726
5529,5612 0,865771550992559
5530,02 0,89462492019647
5530,4789 0,916263542534892
5530,9379 0,908507049398262
5531,397 0,908294034693029
5531,8562 0,906214720365274
5532,3155 0,905815776156291
5532,7748 0,903651173350242
5533,2342 0,895434816287347
5533,6938 0,898604441011859
5534,1534 0,886099012063845
5534,6131 0,882634724249299
5535,0729 0,877442749250189
5535,5327 0,877216579561129
5535,9927 0,898922528870086
5536,4527 0,898037947971774
5536,9129 0,894789582345771
5537,3731 0,891923133647088
5537,8334 0,882521261255492
5538,2938 0,887830099207755
5538,7543 0,895332223394421
5539,2148 0,895290501799384
5539,6755 0,918017312982232
5540,1362 0,925855415107503
5540,597 0,9299394435801
5541,058 0,924134758132333
5541,519 0,923103031746026
5541,9801 0,907222685578988
5542,4412 0,887214904703468
5542,9025 0,883458261388225
5543,3638 0,874699208774921
5543,8253 0,87853560672729
5544,2868 0,897303447542206
5544,7484 0,901102008336481
5545,2101 0,906543394577906
5545,6719 0,90278414977573
5546,1338 0,897309472479123
5546,5957 0,902358733684166
5547,0578 0,90750161346098
5547,5199 0,929644854762446
5547,9821 0,937135723720689
5548,4444 0,938333684013436
5548,9068 0,934067262556487
5549,3693 0,947550824019729
5549,8319 0,948780496570926
5550,2945 0,938552178618787
5550,7573 0,935154460742974
5551,2201 0,944287369584624
5551,683 0,932051400364122
5552,146 0,922209220108761
5552,6091 0,911946774759115
5553,0723 0,903869827860678
5553,5356 0,887993222490043
5553,9989 0,875620254036269
5554,4624 0,8814049175936
5554,9259 0,887526359179125
5555,3895 0,907099848034675
5555,8532 0,900561204124198
5556,317 0,914465099530027
5556,7809 0,912194660474331
5557,2449 0,910187038878616
5557,7089 0,915841804711457
5558,173 0,90793067667226
5558,6373 0,919376886399819
5559,1016 0,914742745858338
5559,566 0,916263210572993
5560,0305 0,914862709825061
5560,495 0,910181558242161
5560,9597 0,903677646903237
5561,4245 0,89501694640732
5561,8893 0,881929138023948
5562,3542 0,870429206427799
5562,8192 0,867610718237219
5563,2843 0,870131429003496
5563,7495 0,870935183725174
5564,2148 0,873728704383091
5564,6802 0,865360721548428
5565,1456 0,861067071842108
5565,6111 0,8627734606966
5566,0768 0,860756622564191
5566,5425 0,864063730557604
5567,0083 0,872072742003616
5567,4742 0,871324729295824
5567,9401 0,863421840174846
5568,4062 0,850378190422122
5568,8723 0,847390441798262
5569,3386 0,845945826035846
5569,8049 0,849771199657348
5570,2713 0,870884007190618
5570,7378 0,874479042797566
5571,2044 0,864258486790679
5571,6711 0,841890710500002
5572,1378 0,82638528731632
5572,6047 0,816548305074956
5573,0716 0,823707353749507
5573,5386 0,842581732352988
5574,0058 0,872814429121137
5574,4729 0,88418407489467
5574,9402 0,889904567764729
5575,4076 0,883710532195652
5575,8751 0,886215025288245
5576,3426 0,889054813088482
5576,8103 0,897204487651571
5577,278 0,908159804330051
5577,7458 0,921373504820989
5578,2137 0,923592456165652
5578,6817 0,918599070394417
5579,1497 0,91745169976105
5579,6179 0,920240305243078
5580,0862 0,918981888436278
5580,5545 0,908515438267833
5581,0229 0,898549099463029
5581,4914 0,891112531012714
5581,96 0,88677433805978
5582,4287 0,896010176263656
5582,8975 0,89640155244712
5583,3664 0,903955843497315
5583,8353 0,905016367006406
5584,3043 0,895253683111367
5584,7735 0,874024912185729
5585,2427 0,83970721073034
5585,712 0,801472721774571
5586,1814 0,773028593811981
5586,6509 0,745352885800961
5587,1204 0,727485958729548
5587,5901 0,730857587914837
5588,0598 0,736534002218089
5588,5296 0,741973796717472
5588,9996 0,761623010814012
5589,4696 0,785277486833161
5589,9397 0,815831982769693
5590,4098 0,839505511399381
5590,8801 0,857504388137711
5591,3505 0,867808616568027
5591,8209 0,87439996859232
5592,2914 0,869944918960282
5592,7621 0,857671818159052
5593,2328 0,840159871329973
5593,7036 0,823818289490221
5594,1744 0,828990458243019
5594,6454 0,844309918388804
5595,1165 0,86376432514558
5595,5876 0,8960955718422
5596,0588 0,911310937833975
5596,5302 0,917984677361183
5597,0016 0,897502171265144
5597,4731 0,866385625321288
5597,9447 0,853944413538965
5598,4163 0,848254332918911
5598,8881 0,848192018223339
5599,3599 0,845440959667249
5599,8319 0,848079103115661
5600,3039 0,846220364540754
5600,776 0,828950935810487
5601,2482 0,821254484572173
5601,7205 0,800009313867655
5602,1929 0,800437404368607
5602,6654 0,8149625482671
5603,1379 0,831760576414875
5603,6106 0,869384739913823
5604,0833 0,902802778106861
5604,5561 0,928478833029594
5605,029 0,952298550845813
5605,502 0,96160760795526
5605,9751 0,961380673045323
5606,4483 0,959904525250689
5606,9215 0,958775831042051
5607,3949 0,956859695528051
5607,8683 0,954182417419204
5608,3418 0,956629957152179
5608,8154 0,953723695322685
5609,2891 0,945528964747011
5609,7629 0,945376111759966
5610,2368 0,959206214818696
5610,7108 0,960422460564763
5611,1848 0,960389109183235
5611,659 0,963079839696675
5612,1332 0,956942391160994
5612,6075 0,954598039881952
5613,0819 0,93048222597985
5613,5564 0,903448104642879
5614,031 0,842720971080581
5614,5057 0,791708273137001
5614,9804 0,758681533829009
5615,4553 0,755945481671626
5615,9302 0,765975920392544
5616,4053 0,806312562123819
5616,8804 0,852662099800907
5617,3556 0,876186746810991
5617,8309 0,896006627636213
5618,3062 0,895753160948012
5618,7817 0,894538491191946
5619,2573 0,894028472808835
5619,7329 0,899632960207613
5620,2086 0,91542903155747
5620,6845 0,92440719769161
5621,1604 0,9296740179479
5621,6364 0,935542321824721
5622,1124 0,935619056854437
5622,5886 0,92128273024592
5623,0649 0,88284620409765
5623,5412 0,860398493119011
5624,0177 0,832939421172746
5624,4942 0,822154038753041
5624,9708 0,831059788692273
5625,4475 0,846440776748561
5625,9243 0,874916173954518
5626,4012 0,897294657062917
5626,8782 0,909289000959081
5627,3552 0,922937469493484
5627,8324 0,920382526652305
5628,3096 0,926377167776599
5628,787 0,931861101209525
5629,2644 0,951385889950496
5629,7419 0,952437817135653
5630,2195 0,957891486296666
5630,6971 0,968972560775154
5631,1749 0,958652743748795
5631,6528 0,962622885226945
5632,1307 0,952690338345611
5632,6088 0,937396594283726
5633,0869 0,934844529282777
5633,5651 0,923258982573417
5634,0434 0,917901134134912
5634,5218 0,914914588084891
5635,0003 0,906442737032961
5635,4788 0,90439191344108
5635,9575 0,899651818046029
5636,4362 0,887353804063147
5636,9151 0,87717267291426
5637,394 0,866748963597643
5637,873 0,892632063056995
5638,3521 0,897511884178614
5638,8313 0,905843928923789
5639,3106 0,916763471569935
5639,79 0,913089992935878
5640,2694 0,904806658120836
5640,749 0,894596325065669
5641,2286 0,890696109407613
5641,7083 0,887840783424494
5642,1881 0,891572877690157
5642,668 0,898538638087342
5643,148 0,905352755382062
5643,6281 0,908423957372441
5644,1083 0,907506801319466
5644,5885 0,909502904978466
5645,0689 0,922786941628507
5645,5493 0,92506703148181
5646,0298 0,939288625671946
5646,5105 0,930504589375533
5646,9912 0,941039491875483
5647,472 0,939919296913309
5647,9528 0,938291229951463
5648,4338 0,923966015233582
5648,9149 0,911840099652832
5649,396 0,89856328330979
5649,8773 0,9080040996643
5650,3586 0,905570708386912
5650,84 0,918603588018528
5651,3215 0,932690680851159
5651,8031 0,93303000405551
5652,2848 0,93531782547731
5652,7666 0,927387071301148
5653,2484 0,919925912002493
5653,7304 0,899672392113209
5654,2124 0,880174595724166
5654,6945 0,874302759398328
5655,1768 0,886720300873133
5655,6591 0,893410342070021
5656,1415 0,897549446461214
5656,624 0,890835826682311
5657,1065 0,868179547452603
5657,5892 0,833764024254455
5658,072 0,812597907605783
5658,5548 0,803233775592271
5659,0377 0,817366678929423
5659,5208 0,846329073051311
5660,0039 0,867283258584882
5660,4871 0,892661100064275
5660,9704 0,891029429971493
5661,4538 0,869295849469961
5661,9372 0,850624253698042
5662,4208 0,852143814338673
5662,9044 0,867962630537861
5663,3882 0,879035573262253
5663,872 0,903942706984027
5664,3559 0,928143479768165
5664,8399 0,931659274167229
5665,324 0,937976108005546
5665,8082 0,928330922743208
5666,2925 0,924092771455579
5666,7769 0,921650257548735
5667,2613 0,908531644249507
5667,7459 0,919445788187973
5668,2305 0,919851887497857
5668,7152 0,926627961733075
5669,2001 0,928849024918414
5669,685 0,932081511128349
5670,17 0,93322826257393
5670,655 0,934793732937677
5671,1402 0,934572315433072
5671,6255 0,942193143539101
5672,1108 0,951070382939205
5672,5963 0,955969719991549
5673,0818 0,968387448779748
5673,5674 0,961966625814946
5674,0531 0,946057231873464
5674,5389 0,942364293387664
5675,0248 0,943702930409215
5675,5108 0,935766058488924
5675,9969 0,94149676250741
5676,4831 0,957894483481859
5676,9693 0,956983041661317
5677,4556 0,950161939695345
5677,9421 0,94884814642587
5678,4286 0,940473320533693
5678,9152 0,929204817154725
5679,4019 0,931749214529161
5679,8887 0,930196630548085
5680,3756 0,932641230152175
5680,8626 0,92214692875141
5681,3496 0,896656585385624
5681,8368 0,890202453474703
5682,324 0,876722454718911
5682,8113 0,875887938187083
5683,2988 0,878521894642678
5683,7863 0,892187063808683
5684,2739 0,902925186039413
5684,7616 0,91710092621239
5685,2494 0,911315193757331
5685,7372 0,899255768276621
5686,2252 0,883614885971397
5686,7132 0,876869316757614
5687,2014 0,866459986779326
5687,6896 0,860658164260669
5688,1779 0,866559697951687
5688,6664 0,878248540827825
5689,1549 0,894846076249118
5689,6435 0,906767622383903
5690,1321 0,9219607636478
5690,6209 0,92454565607135
5691,1098 0,927763684788573
5691,5987 0,942695270499975
5692,0878 0,942140540304033
5692,5769 0,945149861716346
5693,0661 0,941823233236691
5693,5555 0,927350143136162
5694,0449 0,93336478728762
5694,5344 0,921597169891546
5695,024 0,932273962761851
5695,5136 0,93325019256324
5696,0034 0,944363998051472
5696,4933 0,94789867625255
5696,9832 0,934517062762103
5697,4733 0,91771025795396
5697,9634 0,909779299752732
5698,4536 0,904659037093886
5698,9439 0,905281595958206
5699,4343 0,905620327319882
5699,9248 0,903884730722035
5700,4154 0,896240844345865
5700,9061 0,886431941844628
5701,3968 0,879690982688145
5701,8877 0,881487985182138
5702,3786 0,888859354455689
5702,8697 0,899803690674506
5703,3608 0,921477949788952
5703,852 0,913650165516044
5704,3433 0,909478687398009
5704,8347 0,902811556980574
5705,3262 0,886700546841497
5705,8178 0,876385760712492
5706,3095 0,864418046642073
5706,8012 0,858440764613748
5707,2931 0,859862263512782
5707,785 0,844101849193699
5708,2771 0,831144550217189
5708,7692 0,829337333235038
5709,2614 0,822136065350861
5709,7537 0,821969983835627
5710,2461 0,826739650318459
5710,7386 0,827586218153508
5711,2312 0,828968695635624
5711,7239 0,840312169271988
5712,2166 0,859310861617662
5712,7095 0,883783493589828
5713,2024 0,910842913109159
5713,6955 0,919571127078877
5714,1886 0,932136091503175
5714,6818 0,924815529047314
5715,1751 0,929533759529426
5715,6685 0,931390829689507
5716,162 0,925636660221464
5716,6556 0,919679550995504
5717,1493 0,92524722415795
5717,643 0,929035066028963
5718,1369 0,932849489715081
5718,6308 0,934906517448705
5719,1249 0,941578087869467
5719,619 0,940380930603925
5720,1132 0,950312569272891
5720,6075 0,956400290390003
5721,1019 0,958119038000391
5721,5964 0,958381381921923
5722,091 0,964191028073378
5722,5857 0,962879591834358
5723,0804 0,972452897834995
5723,5753 0,963546338369941
5724,0702 0,972845170940672
5724,5653 0,959019121777928
5725,0604 0,963109226622934
5725,5556 0,946765139798018
5726,051 0,92816155129207
5726,5464 0,92062713139364
5727,0419 0,928875347084924
5727,5374 0,926897760566268
5728,0331 0,938241381314615
5728,5289 0,954628030612628
5729,0248 0,959958904522048
5729,5207 0,955531643678549
5730,0168 0,952466594266975
5730,5129 0,935857006207334
5731,0091 0,926289697551263
5731,5055 0,923234233675115
5732,0019 0,925801515463009
5732,4984 0,940249949041403
5732,995 0,946492021128858
5733,4917 0,959176061008955
5733,9884 0,971862942000954
5734,4853 0,968765692344468
5734,9823 0,96681635233712
5735,4793 0,964631150932913
5735,9765 0,963286898331395
5736,4737 0,954751546966451
5736,971 0,948107306899473
5737,4685 0,952920758837994
5737,966 0,950986401070614
5738,4636 0,953024935461303
5738,9613 0,956660439209229
5739,4591 0,955220715888577
5739,957 0,957139496815682
5740,4549 0,951454553388495
5740,953 0,954881457938507
5741,4512 0,952398961994884
5741,9494 0,946742145770866
5742,4477 0,947216503098026
5742,9462 0,95279730522909
5743,4447 0,952236256892215
5743,9433 0,964584924819022
5744,442 0,968400132233035
5744,9408 0,981655717223682
5745,4397 0,97978175194723
5745,9387 0,965072679839408
5746,4378 0,952027531297034
5746,9369 0,937279109648293
5747,4362 0,923346409347757
5747,9356 0,921218026569066
5748,435 0,933845243072898
5748,9345 0,93450873775772
5749,4342 0,956963712669864
5749,9339 0,966736370701131
5750,4337 0,966872370147086
5750,9336 0,95523654685239
5751,4336 0,935731883475278
5751,9337 0,908357869840288
5752,4339 0,894626115847349
5752,9342 0,871499834852849
5753,4345 0,867511944663428
5753,935 0,873260774876064
5754,4355 0,892887760638866
5754,9362 0,912786936922117
5755,4369 0,93626531631364
5755,9378 0,95128119324359
5756,4387 0,957236784507688
5756,9397 0,966879643994741
5757,4408 0,960323534217613
5757,942 0,955474075974278
5758,4433 0,965579194676579
5758,9447 0,951057729437476
5759,4462 0,94388475105827
5759,9477 0,931410005890292
5760,4494 0,916848315827422
5760,9511 0,916001890223562
5761,453 0,884338001014745
5761,9549 0,878969242752689
5762,457 0,879815995163219
5762,9591 0,885779097301831
5763,4613 0,906514611676873
5763,9636 0,929794439471991
5764,466 0,953366865611909
5764,9685 0,970212795664267
5765,4711 0,968322919834907
5765,9738 0,965750987768734
5766,4766 0,973727508384441
5766,9794 0,976284006391128
5767,4824 0,975322344250742
5767,9854 0,97786002142853
5768,4886 0,974371857925906
5768,9918 0,969093708605815
5769,4952 0,977971014882913
5769,9986 0,968889777708708
5770,5021 0,95374227608348
5771,0057 0,952889034823255
5771,5094 0,936585338705691
5772,0132 0,945060690637356
5772,5171 0,94388475718009
5773,0211 0,941666605765393
5773,5252 0,941754238229788
5774,0293 0,938224629807744
5774,5336 0,936289652763622
5775,038 0,938924519256776
5775,5424 0,943808058161438
5776,0469 0,960426936567733
5776,5516 0,963348827633223
5777,0563 0,969673601510123
5777,5611 0,970864347311696
5778,066 0,964074884456408
5778,5711 0,958943080599841
5779,0762 0,937363537594926
5779,5813 0,918531114261143
5780,0866 0,892326211254675
5780,592 0,870035414630494
5781,0975 0,859050411561733
5781,6031 0,863958841210969
5782,1087 0,865830154532671
5782,6145 0,873562489943133
5783,1203 0,86979499899437
5783,6263 0,861491266072341
5784,1323 0,852603024967414
5784,6384 0,853867512836158
5785,1446 0,846726309367673
5785,651 0,863232308754751
5786,1574 0,886082354070381
5786,6639 0,902100251245129
5787,1705 0,920665953592346
5787,6772 0,934873700604053
5788,1839 0,935580232218301
5788,6908 0,935067219308901
5789,1978 0,939844282681201
5789,7049 0,932244398379585
5790,212 0,915893710871275
5790,7193 0,912184432882613
5791,2266 0,91694339016371
5791,734 0,918341548411542
5792,2416 0,933973903027663
5792,7492 0,939377507030401
5793,2569 0,944913775719594
5793,7647 0,951978515626683
5794,2726 0,966654956157595
5794,7806 0,972481635036298
5795,2887 0,975058402154425
5795,7969 0,968933793633284
5796,3052 0,956537741930943
5796,8136 0,950247312264932
5797,3221 0,935118169881657
5797,8306 0,941829571673732
5798,3393 0,94457783367762
5798,848 0,958439540545575
5799,3569 0,965085380688455
5799,8658 0,968828911156403
5800,3749 0,985295972793463
5800,884 0,98861769359963
5801,3932 0,983539282750743
5801,9025 0,99145272076677
5802,412 0,983273584090369
5802,9215 0,970025736211177
5803,4311 0,952297119395277
5803,9408 0,950584138630083
5804,4505 0,933700944856637
5804,9604 0,927549441358671
5805,4704 0,931181508083175
5805,9805 0,932533390948095
5806,4906 0,939583458820708
5807,0009 0,951232857239941
5807,5113 0,942616937183236
5808,0217 0,950418521123587
5808,5323 0,953930512701068
5809,0429 0,954327633809492
5809,5536 0,960683929656217
5810,0645 0,966296400909916
5810,5754 0,979297939676078
5811,0864 0,986598916299178
5811,5975 0,97403107088979
5812,1087 0,984401062698664
5812,62 0,975493657840967
5813,1314 0,975291423092566
5813,6429 0,97206377875768
5814,1545 0,958925144478933
5814,6662 0,95026171519501
5815,1779 0,92884237298168
5815,6898 0,922812337564468
5816,2018 0,916232580793295
5816,7138 0,928491499965267
5817,226 0,941757545689604
5817,7382 0,966933122658766
5818,2506 0,974640972322366
5818,763 0,982974577211933
5819,2755 0,994397578895419
5819,7882 0,992171319164748
5820,3009 0,991788743994445
5820,8137 0,988972215455937
5821,3266 0,986475684117523
5821,8396 0,98728330439019
5822,3527 0,974481405283101
5822,8659 0,97838883573559
5823,3792 0,978374931376355
5823,8926 0,983792136065276
5824,4061 0,978684941242323
5824,9196 0,987315613989348
5825,4333 0,983772571825773
5825,9471 0,988135413299719
5826,4609 0,98118186964964
5826,9749 0,980609639271207
5827,489 0,978657845367269
5828,0031 0,983773169312047
5828,5173 0,979202210408398
5829,0317 0,983831074785755
5829,5461 0,983433631665043
5830,0606 0,979456122254224
5830,5753 0,979436103292629
5831,09 0,981891967349787
5831,6048 0,978750226102311
5832,1197 0,984503559657154
5832,6347 0,977173023917596
5833,1498 0,974067376650047
5833,665 0,972058720148951
5834,1803 0,971350715923745
5834,6957 0,973307632385088
5835,2112 0,965281790789514
5835,7268 0,975207504203371
5836,2424 0,979323140484206
5836,7582 0,976464983921144
5837,2741 0,976026774813698
5837,79 0,969159830913449
5838,3061 0,968992962475158
5838,8222 0,96437286012224
5839,3385 0,981533529768101
5839,8548 0,985801215244112
5840,3713 0,992286407397383
5840,8878 0,992330649693856
5841,4044 1,00503226141774
5841,9211 0,992782459999029
5842,438 0,999527273538677
5842,9549 0,993943905793974
5843,4719 0,994699649237414
5843,989 0,977413964397149
5844,5062 0,975143466974014
5845,0235 0,971031307433495
5845,5409 0,973439717906285
5846,0584 0,972501838238567
5846,576 0,961600096560815
5847,0937 0,953604847214818
5847,6115 0,956551953773446
5848,1293 0,963808773194562
5848,6473 0,953062150732355
5849,1654 0,964756189268065
5849,6836 0,978307725911202
5850,2018 0,981561919362605
5850,7202 0,969204007583178
5851,2386 0,96352358074117
5851,7572 0,953518015718594
5852,2758 0,934798788127776
5852,7946 0,929895205566074
5853,3134 0,921327419070012
5853,8324 0,931104989791398
5854,3514 0,932419512316445
5854,8705 0,939492437475865
5855,3897 0,924376954171942
5855,9091 0,899769609522812
5856,4285 0,890950886751834
5856,948 0,862602906578487
5857,4676 0,866071146099268
5857,9873 0,860628852223728
5858,5071 0,875132765526106
5859,027 0,90665307227283
5859,547 0,927817317048024
5860,0671 0,939038243435306
5860,5873 0,944773022443844
5861,1076 0,936854012966087
5861,628 0,941101724293347
5862,1484 0,926652763583946
5862,669 0,938262628276547
5863,1897 0,95330051512911
5863,7105 0,954306332175974
5864,2313 0,966954267048892
5864,7523 0,953591371476746
5865,2734 0,947848258700875
5865,7945 0,932848344067021
5866,3158 0,928008848299086
5866,8371 0,939481361352781
5867,3586 0,950963180549946
5867,8801 0,957983400505827
5868,4018 0,972313952408754
5868,9235 0,974984534376722
5869,4453 0,987194712360977
5869,9673 0,976546813044193
5870,4893 0,977488478223193
5871,0114 0,965796109596713
5871,5337 0,972880499500263
5872,056 0,969852426945565
5872,5784 0,961261349883494
5873,1009 0,969280389839401
5873,6235 0,967215710113852
5874,1462 0,969728195716469
5874,6691 0,965457758690704
5875,192 0,959916591486453
5875,715 0,961151364813009
5876,2381 0,961858920147573
5876,7613 0,961286319193032
5877,2846 0,957707247499658
5877,8079 0,954510405457103
5878,3314 0,957873000145449
5878,855 0,943196591742316
5879,3787 0,934157293629813
5879,9025 0,932895124782442
5880,4264 0,934159967345992
5880,9503 0,932533146019029
5881,4744 0,947123484409075
5881,9986 0,946594558996234
5882,5229 0,924478840162165
5883,0472 0,919789536010821
5883,5717 0,923666485861044
5884,0963 0,909244967143843
5884,6209 0,915815602210017
5885,1457 0,912134850412678
5885,6705 0,912300631475223
5886,1955 0,903328607986346
5886,7205 0,877835773629293
5887,2457 0,838762952184823
5887,7709 0,781397324804843
5888,2963 0,711838662890697
5888,8217 0,634715527302426
5889,3473 0,580459271971999
5889,8729 0,578591993582729
5890,3986 0,581604795182354
5890,9245 0,634994479377921
5891,4504 0,696134896998709
5891,9764 0,745586862654385
5892,5026 0,786071293802374
5893,0288 0,801855915257007
5893,5551 0,783554480269
5894,0815 0,752042131760953
5894,6081 0,694709546936608
5895,1347 0,650744212604073
5895,6614 0,633663221390842
5896,1882 0,648286598852149
5896,7151 0,690755862035328
5897,2421 0,752619947081944
5897,7693 0,805348132937582
5898,2965 0,842507735004503
5898,8238 0,876119142633935
5899,3512 0,889712819379688
5899,8787 0,90262872822219
5900,4063 0,921195354016871
5900,934 0,929242985997319
5901,4618 0,943926530154312
5901,9897 0,93748991610069
5902,5177 0,942666272160265
5903,0458 0,955790272014156
5903,574 0,948487125227987
5904,1023 0,95224646285053
5904,6307 0,942697491571472
5905,1592 0,936061695591946
5905,6877 0,939245369279582
5906,2164 0,940241733774075
5906,7452 0,949081752599061
5907,2741 0,963049139440169
5907,8031 0,951781287670987
5908,3322 0,954193700775887
5908,8614 0,956491168778131
5909,3906 0,958864667868023
5909,92 0,956998854540458
5910,4495 0,965849334928645
5910,9791 0,96402167538461
5911,5088 0,962635246451839
5912,0385 0,956961782987356
5912,5684 0,953443299995518
5913,0984 0,93081613238247
5913,6285 0,922077159288269
5914,1586 0,909575509513221
5914,6889 0,895000224952739
5915,2193 0,908312481687253
5915,7497 0,923244815638901
5916,2803 0,927856358066634
5916,811 0,936528417961325
5917,3417 0,943501298668701
5917,8726 0,937155948245157
5918,4036 0,955237188974747
5918,9346 0,961720878670511
5919,4658 0,957790273767799
5919,9971 0,969565933779517
5920,5284 0,968449358451968
5921,0599 0,972879441933634
5921,5915 0,957840196988318
5922,1231 0,959234767148906
5922,6549 0,954604903279508
5923,1867 0,959245138358653
5923,7187 0,963914457068708
5924,2508 0,967450181176276
5924,7829 0,971006251648416
5925,3152 0,977953018012172
5925,8475 0,977613183884054
5926,38 0,977375389415417
5926,9126 0,973155362289335
5927,4452 0,957756139563258
5927,978 0,938639251318712
5928,5108 0,922607508402959
5929,0438 0,919576656640862
5929,5769 0,909375421804259
5930,11 0,913915959651917
5930,6433 0,923405328777633
5931,1766 0,932404806754468
5931,7101 0,950005866714559
5932,2436 0,953775909576671
5932,7773 0,957122785166992
5933,3111 0,951371716663164
5933,8449 0,932486989424297
5934,3789 0,930739004081623
5934,9129 0,926896672747846
5935,4471 0,947473234960798
5935,9813 0,957199042419069
5936,5157 0,96435727718962
5937,0502 0,96646689956651
5937,5847 0,974624839852714
5938,1194 0,978554288116373
5938,6541 0,97088610148722
5939,189 0,963002714764708
5939,724 0,965515081649798
5940,259 0,949790013243571
5940,7942 0,942396933625883
5941,3294 0,93458920976551
5941,8648 0,9229580135059
5942,4003 0,935958736632199
5942,9358 0,947614866017484
5943,4715 0,97004555138003
5944,0073 0,960203693962436
5944,5431 0,96553246971855
5945,0791 0,964620541622215
5945,6152 0,97349285954266
5946,1513 0,970349730660006
5946,6876 0,954155108858728
5947,224 0,953906635899406
5947,7604 0,926497840786616
5948,297 0,921492891458659
5948,8337 0,925010545775151
5949,3705 0,927005850878102
5949,9073 0,949583838078299
5950,4443 0,950501304107795
5950,9814 0,950069513260147
5951,5186 0,941194220475748
5952,0558 0,922329895794046
5952,5932 0,9232201145386
5953,1307 0,931530666509649
5953,6683 0,942699015407328
5954,2059 0,942020523629162
5954,7437 0,958426527488383
5955,2816 0,946599781575751
5955,8196 0,93677317430812
5956,3577 0,930990087879226
5956,8959 0,928857936853704
5957,4342 0,930376014951055
5957,9725 0,935542779769016
5958,511 0,951629077075327
5959,0496 0,949074286048529
5959,5883 0,957283858713552
5960,1271 0,957247110403092
5960,666 0,96858030246133
5961,205 0,977677900599476
5961,7441 0,960387455471213
5962,2833 0,962952530424644
5962,8226 0,971704531368478
5963,362 0,972936224189408
5963,9015 0,968134181463482
5964,4411 0,951162287544311
5964,9809 0,949823945659183
5965,5207 0,943389672505327
5966,0606 0,943457574361476
5966,6006 0,953900700495672
5967,1407 0,960282440056627
5967,6809 0,950841447346026
5968,2212 0,962193440639433
5968,7617 0,978164526351362
5969,3022 0,957429737710528
5969,8428 0,971750150943547
5970,3835 0,965343404016286
5970,9244 0,981029519635071
5971,4653 0,989014136932906
5972,0063 0,973432263105437
5972,5475 0,97741726711486
5973,0887 0,963781175878669
5973,6301 0,954126752430481
5974,1715 0,949157444694478
5974,713 0,954740976756187
5975,2547 0,9279628507585
5975,7964 0,921010548100589
5976,3383 0,912252225685161
5976,8802 0,912964075456824
5977,4223 0,925128285386781
5977,9645 0,919255145563679
5978,5067 0,935855900425513
5979,0491 0,942924805207011
5979,5916 0,949627444585323
5980,1341 0,962970818199105
5980,6768 0,969380252777291
5981,2196 0,965571190171275
5981,7624 0,956856830716639
5982,3054 0,934855419122396
5982,8485 0,93065362824691
5983,3917 0,912328232873963
5983,935 0,890730500630176
5984,4784 0,887176980965591
5985,0219 0,892582425970226
5985,5654 0,912303442657102
5986,1091 0,90871773433504
5986,6529 0,918161191394516
5987,1968 0,937961408196127
5987,7409 0,936886256206134
5988,285 0,944980997085121
5988,8292 0,959370072569429
5989,3735 0,957381259056035
5989,9179 0,952163582811739
5990,4624 0,962218769413034
5991,0071 0,962089785235486
5991,5518 0,964440399811709
5992,0966 0,956323489423371
5992,6415 0,970287281894492
5993,1866 0,972795901816763
5993,7317 0,969767465813602
5994,277 0,967353233041953
5994,8223 0,952094210284965
5995,3678 0,965476393569392
5995,9133 0,957380790999454
5996,459 0,936448509031641
5997,0047 0,923199511465643
5997,5506 0,934642121660237
5998,0966 0,93508906546755
5998,6426 0,926352933701817
5999,1888 0,945799506028673
5999,7351 0,941485559758373
6000,2815 0,950923934173352
6000,8279 0,948263927596721
6001,3745 0,939260764541762
6001,9212 0,938397345182268
6002,468 0,932101306449871
6003,0149 0,925220637409509
6003,5619 0,922247687172233
6004,109 0,947144372975971
6004,6562 0,947211700762127
6005,2035 0,94615827332968
6005,751 0,937937117832027
6006,2985 0,931664235957218
6006,8461 0,909759522680595
6007,3938 0,893747236095031
6007,9417 0,883248233732276
6008,4896 0,900918335396249
6009,0377 0,926246960209502
6009,5858 0,931049881912703
6010,1341 0,945981102422805
6010,6824 0,960293352430359
6011,2309 0,94511928350057
6011,7794 0,946183949763761
6012,3281 0,923036586800997
6012,8769 0,91789126377915
6013,4257 0,904247109172249
6013,9747 0,930779751335865
6014,5238 0,930096869664841
6015,073 0,926111207712411
6015,6223 0,913681241133026
6016,1717 0,924173328643487
6016,7212 0,927442025609536
6017,2708 0,920317938419769
6017,8205 0,940769490777665
6018,3703 0,941408500190101
6018,9202 0,918600856111487
6019,4703 0,904982182758552
6020,0204 0,892775769884678
6020,5706 0,890565292717962
6021,121 0,869825543395515
6021,6714 0,907351748894024
6022,222 0,909180882027108
6022,7726 0,923739381848379
6023,3234 0,918552510097499
6023,8742 0,920654242237888
6024,4252 0,920894030570953
6024,9763 0,940065692310847
6025,5275 0,937859734375186
6026,0787 0,953651177532529
6026,6301 0,955993726382918
6027,1816 0,958104148300471
6027,7332 0,959978576595513
6028,2849 0,967835288526402
6028,8367 0,956504600671899
6029,3886 0,969210079464493
6029,9407 0,969389767550902
6030,4928 0,955683809552985
6031,045 0,957249084420069
6031,5973 0,979756524748258
6032,1498 0,980090560823131
6032,7023 0,976697181881629
6033,255 0,981644126846333
6033,8077 0,984578337709668
6034,3606 0,992497892865335
6034,9136 0,995226470255001
6035,4666 0,992244398848155
6036,0198 0,986335261263007
6036,5731 0,967375178210746
6037,1265 0,984215366800289
6037,68 0,994134642013351
6038,2336 0,980274633157552
6038,7873 0,99149412044121
6039,3411 0,979225239473253
6039,895 0,966799673111389
6040,449 0,963592940388544
6041,0032 0,947331034539046
6041,5574 0,957286571928256
6042,1118 0,966592550066387
6042,6662 0,968347304965578
6043,2208 0,98386079660173
6043,7754 0,987382801942143
6044,3302 0,975116024721555
6044,885 0,983533560160676
6045,44 0,980155306123999
6045,9951 0,992983819263554
6046,5503 0,995867093430378
6047,1056 0,977343862761887
6047,661 1,0025428145632
6048,2165 0,973266245464388
6048,7721 0,99264241526423
6049,3278 0,982444171408511
6049,8837 1,00204734869413
6050,4396 0,995564934688871
6050,9956 0,997491562134257
6051,5518 0,978536144659716
6052,108 0,993450449348935
6052,6644 0,970392873753903
6053,2209 0,980617524687756
6053,7774 0,965506779282389
6054,3341 0,949884059700271
6054,8909 0,959777441764802
6055,4478 0,944951860126735
6056,0048 0,960426908152707
6056,5619 0,960290829249134
6057,1191 0,966384347359943
6057,6764 0,962975847957921
6058,2339 0,983619012582535
6058,7914 0,973963361670034
6059,349 0,975870720131357
6059,9068 0,991432341485188
6060,4646 0,998994996670071
6061,0226 0,99269052374263
6061,5807 0,980748508342483
6062,1389 0,982959355827466
6062,6971 0,966648774010875
6063,2555 0,954490078257531
6063,814 0,949679471867485
6064,3726 0,929079724277614
6064,9313 0,936998365758352
6065,4902 0,95122336924548
6066,0491 0,939894317633258
6066,6081 0,962229367767307
6067,1673 0,977254099170483
6067,7265 0,990258055512821
6068,2859 0,987507632622793
6068,8453 0,990913583669075
6069,4049 0,979366472970642
6069,9646 0,997390812981481
6070,5244 0,994746704979767
6071,0843 0,993789343191151
6071,6443 0,98889681993953
6072,2044 0,978103696517808
6072,7646 0,99880138149091
6073,3249 0,999129851362671
6073,8853 0,998273949243056
6074,4459 0,99388442266207
6075,0065 0,992144007453
6075,5673 0,969925193957148
6076,1282 0,978629643439478
6076,6891 0,963553335325482
6077,2502 0,949333039475499
6077,8114 0,952480674471754
6078,3727 0,942683734982307
6078,9341 0,933417430233315
6079,4956 0,952411265460575
6080,0572 0,948388583860873
6080,6189 0,939726427095167
6081,1808 0,93009615698431
6081,7427 0,964516026639092
6082,3048 0,951340012308413
6082,8669 0,963736314865469
6083,4292 0,944636351752677
6083,9916 0,952066467126185
6084,5541 0,945429550135367
6085,1167 0,9502821766445
6085,6794 0,935320965243872
6086,2422 0,937173201212609
6086,8051 0,963382072589949
6087,3681 0,946051726713878
6087,9313 0,974216398313663
6088,4945 0,967804105191275
6089,0579 0,930268438416432
6089,6213 0,946276637321135
6090,1849 0,936876193167783
6090,7486 0,950901840740958
6091,3124 0,940576117860866
6091,8763 0,933991372412403
6092,4403 0,94094525931158
6093,0044 0,950004899363645
6093,5686 0,96724371181488
6094,133 0,974435502410149
6094,6974 0,959173479284556
6095,262 0,938678472038011
6095,8266 0,958423474190513
6096,3914 0,970847764562066
6096,9563 0,949783347740087
6097,5213 0,954618108017166
6098,0864 0,9498072952587
6098,6516 0,943898639559557
6099,2169 0,969120341362815
6099,7823 0,956908750315013
6100,3478 0,973742175692993
6100,9135 0,917834777778202
6101,4792 0,882487792439181
6102,0451 0,873835408529974
6102,6111 0,873455772303507
6103,1772 0,888025374805278
6103,7434 0,882705570677436
6104,3097 0,927794065934724
6104,8761 0,930677368611107
6105,4426 0,968076203710606
6106,0092 0,948278997899234
6106,576 0,946681791260931
6107,1428 0,952948701508546
6107,7098 0,946299453151618
6108,2769 0,954447580509579
6108,844 0,965855369659366
6109,4113 0,954165117343022
6109,9787 0,950274510659819
6110,5462 0,946688167872266
6111,1139 0,944567439884864
6111,6816 0,947034828192483
6112,2494 0,949505352472166
6112,8174 0,944533834479676
6113,3854 0,962543362247144
6113,9536 0,986311997305236
6114,5219 0,961824825759966
6115,0903 0,969356895041952
6115,6588 0,961586026558088
6116,2274 0,969363594816715
6116,7961 0,954474743352543
6117,3649 0,968234511823543
6117,9339 0,947078390106003
6118,5029 0,941704669542638
6119,0721 0,965036248067732
6119,6414 0,926446998255871
6120,2108 0,920551174966226
6120,7803 0,886478865473377
6121,3499 0,878258857028669
6121,9196 0,866653540489421
6122,4894 0,857061756293004
6123,0594 0,891110977954112
6123,6294 0,903444274790215
6124,1996 0,919046219951704
6124,7698 0,953467272276572
6125,3402 0,949017347224073
6125,9107 0,957456327401042
6126,4813 0,965534753226243
6127,052 0,940965541531951
6127,6229 0,930439694872194
6128,1938 0,948737402507769
6128,7648 0,946092485368213
6129,336 0,921834391047521
6129,9073 0,918225582968931
6130,4787 0,944832243977553
6131,0502 0,95946189553304
6131,6218 0,952356501382436
6132,1935 0,952013283344157
6132,7653 0,976623016367329
6133,3372 0,952036688867249
6133,9093 0,958184585930655
6134,4815 0,930569452013791
6135,0537 0,890584564537375
6135,6261 0,877691063364761
6136,1986 0,850142439010522
6136,7712 0,830766101310742
6137,3439 0,845439405349932
6137,9168 0,871698075625787
6138,4897 0,906347902876403
6139,0628 0,910960685762289
6139,6359 0,939981106692983
6140,2092 0,897806920728414
6140,7826 0,921983455364822
6141,3561 0,919980692518757
6141,9297 0,911537796607179
6142,5035 0,907473134802799
6143,0773 0,932577251344511
6143,6512 0,925503196327986
6144,2253 0,918906067508922
6144,7995 0,921236196915566
6145,3738 0,911594741831194
6145,9482 0,930821973776002
6146,5227 0,934882975182569
6147,0973 0,936633200679094
6147,672 0,915637329048521
6148,2469 0,908712394481684
6148,8218 0,901070405808621
6149,3969 0,913331785611498
6149,9721 0,908502755251062
6150,5474 0,891188710967557
6151,1228 0,895140920207536
6151,6983 0,917745869416582
6152,274 0,906704045858295
6152,8497 0,90112282948753
6153,4256 0,905200523660139
6154,0016 0,89823779142522
6154,5776 0,852477504905883
6155,1538 0,886105256436137
6155,7302 0,851217996432211
6156,3066 0,871552910600494
6156,8831 0,874870891591518
6157,4598 0,873626818840854
6158,0365 0,895170793375441
6158,6134 0,892069486474868
6159,1904 0,857761215271188
6159,7675 0,850463398149295
6160,3447 0,841903924937357
6160,9221 0,814048941259547
6161,4995 0,802566865800173
6162,0771 0,788449056580382
6162,6547 0,815190132280862
6163,2325 0,839505337791044
6163,8104 0,865914362204516
6164,3884 0,906885450722344
6164,9665 0,922863270892403
6165,5448 0,98303829164109
6166,1231 1,00421067008822
6166,7016 1,08037511687549
6167,2802 1,1246708151429
6167,8589 1,15991654920572
6168,4377 1,25039076552037
6169,0166 1,32497887612945
6169,5956 1,40772419776323
6170,1748 1,50731366110688
6170,754 1,85890057947078
6171,3334 0,687563799441157
6171,9129 0,704474539155719
6172,4925 0,733425244802784
6173,0722 0,739537014610734
6173,652 0,772325942672733
6174,232 0,775997922612819
6174,812 0,805204378273533
6175,3922 0,822436838032174
6175,9725 0,843524473187338
6176,5529 0,844834191146718
6177,1334 0,904997049389123
6177,714 0,91759079813262
6178,2948 0,947593908683529
6178,8756 0,986244811217891
6179,4566 1,02274129235927
6180,0377 1,07659591687426
6180,6189 0,941273373826884
6181,2002 1,18509229035377
