5182,912 0,107842692499024
5183,2993 0,106699385669386
5183,6866 0,104985113996446
5184,074 0,105233337750105
5184,4615 0,106212378751848
5184,8491 0,106698005505749
5185,2368 0,105067320506545
5185,6246 0,104981215698732
5186,0125 0,104488362551814
5186,4004 0,10674461044912
5186,7885 0,105842751638279
5187,1766 0,10421646932199
5187,5649 0,104605193081355
5187,9532 0,105392295350701
5188,3416 0,448275387230728
5188,7301 0,538524583205924
5189,1187 0,63700219993403
5189,5074 0,681275933662087
5189,8962 0,679750775490572
5190,2851 0,68266962970649
5190,674 0,661840384676182
5191,0631 0,640598431910228
5191,4522 0,606298492657643
5191,8414 0,59136788356561
5192,2308 0,585381706666735
5192,6202 0,600240709486433
5193,0097 0,624840936190489
5193,3993 0,637040016583467
5193,789 0,658247889414709
5194,1787 0,677489576012498
5194,5686 0,669936346458001
5194,9586 0,660690669644209
5195,3486 0,651779824185625
5195,7387 0,673310954870551
5196,129 0,671878486752541
5196,5193 0,693720547859422
5196,9097 0,705921642685164
5197,3002 0,711687708648368
5197,6908 0,734118946709045
5198,0814 0,726320961634749
5198,4722 0,737844447308759
5198,8631 0,758518263954911
5199,254 0,760098353882824
5199,6451 0,760520430438853
5200,0362 0,771669200635857
5200,4274 0,767810468674879
5200,8187 0,733375421760871
5201,2101 0,713882704850884
5201,6016 0,707435694614483
5201,9932 0,73250448707931
5202,3849 0,738411956644828
5202,7766 0,732734811023624
5203,1685 0,718077107881364
5203,5604 0,703769955164546
5203,9524 0,687369897983345
5204,3446 0,662248531028553
5204,7368 0,628025910834642
5205,1291 0,61459593060857
5205,5215 0,621082201445868
5205,9139 0,629941135268326
5206,3065 0,632618837518312
5206,6992 0,634836310996765
5207,0919 0,631151120117145
5207,4848 0,616099219403158
5207,8777 0,624234190545259
5208,2707 0,622947520460353
5208,6638 0,624677008870627
5209,057 0,640162178699138
5209,4503 0,657207258604575
5209,8437 0,685509357146511
5210,2372 0,719358352160114
5210,6307 0,748269202151307
5211,0244 0,760796117834829
5211,4181 0,791415219973999
5211,8119 0,806567626976904
5212,2058 0,814245783688751
5212,5999 0,814364714068959
5212,994 0,831824639588596
5213,3881 0,811979695232779
5213,7824 0,804057638995166
5214,1768 0,788246489747872
5214,5712 0,757750887249913
5214,9658 0,745292661326545
5215,3604 0,726410099080834
5215,7551 0,719778480245035
5216,15 0,733116730591567
5216,5449 0,725521828417458
5216,9399 0,7603683435719
5217,3349 0,759111556931822
5217,7301 0,77874010585869
5218,1254 0,804002594643864
5218,5207 0,813601114388241
5218,9162 0,821991321358337
5219,3117 0,840189267183004
5219,7073 0,840607780619333
5220,103 0,855361616839917
5220,4988 0,842730462790434
5220,8947 0,855381298377472
5221,2907 0,851597703130198
5221,6868 0,831513625154441
5222,0829 0,83832556106518
5222,4792 0,827357846778266
5222,8755 0,814866807113842
5223,272 0,797599314682353
5223,6685 0,782760052097061
5224,0651 0,742794098151458
5224,4618 0,728683809859622
5224,8586 0,705018756257337
5225,2554 0,675164507037331
5225,6524 0,642448323454236
5226,0494 0,633344616909229
5226,4466 0,62664508917279
5226,8438 0,638568730259606
5227,2411 0,665147554666556
5227,6385 0,687070937235409
5228,036 0,733105589985892
5228,4336 0,762247172540989
5228,8313 0,776772761992994
5229,2291 0,785069671841567
5229,6269 0,808102417485805
5230,0249 0,811571870758992
5230,4229 0,816251872133791
5230,821 0,814333843325159
5231,2192 0,800259522342235
5231,6175 0,781763821452167
5232,0159 0,750358267973549
5232,4144 0,734783995286621
5232,813 0,730085765023553
5233,2116 0,734345263787696
5233,6104 0,739721570070026
5234,0092 0,766339215301474
5234,4081 0,786521558942267
5234,8072 0,804170399161036
5235,2063 0,824642232294697
5235,6054 0,822097711927342
5236,0047 0,843626211837866
5236,4041 0,856819299527636
5236,8036 0,877918949676356
5237,2031 0,866522907931225
5237,6027 0,876319667514965
5238,0025 0,872016643253754
5238,4023 0,877092916296061
5238,8022 0,876117375067778
5239,2022 0,8884013479356
5239,6023 0,873860110622745
5240,0024 0,879867903379996
5240,4027 0,880004428712156
5240,803 0,880704597304477
5241,2035 0,866315064432251
5241,604 0,86343014614595
5242,0046 0,860323921120572
5242,4053 0,838992905765645
5242,8061 0,83771314771494
5243,207 0,866015016335328
5243,608 0,866667347725009
5244,009 0,893569173330806
5244,4102 0,899316559017051
5244,8114 0,898939160940463
5245,2127 0,891935644731368
5245,6141 0,869883662782271
5246,0156 0,847181033280438
5246,4172 0,826148930023993
5246,8189 0,805729111267072
5247,2207 0,805141554336577
5247,6225 0,82371512878441
5248,0245 0,802534323582934
5248,4265 0,824783381428917
5248,8286 0,827300718447475
5249,2308 0,816847141934542
5249,6331 0,806770657995686
5250,0355 0,798622965321668
5250,438 0,798052363301483
5250,8406 0,805682327669581
5251,2432 0,823031907827874
5251,646 0,826231240015858
5252,0488 0,836055047118374
5252,4517 0,843809389848622
5252,8547 0,840120026888059
5253,2578 0,83147431666256
5253,661 0,820995068268938
5254,0643 0,800484570114927
5254,4677 0,798077438450106
5254,8711 0,809784187254919
5255,2747 0,813734115749828
5255,6783 0,842868015131777
5256,082 0,855481719705884
5256,4858 0,878982886245794
5256,8897 0,898768604831893
5257,2937 0,910611356976555
5257,6977 0,919945195808463
5258,1019 0,923917871390998
5258,5062 0,912778581823508
5258,9105 0,908714034636422
5259,3149 0,902567381217472
5259,7194 0,876480811235315
5260,124 0,851886421629197
5260,5287 0,827385468973074
5260,9335 0,791284702555546
5261,3384 0,772465964852577
5261,7433 0,748901723370823
5262,1483 0,710810318396235
5262,5535 0,703501277243883
5262,9587 0,679955983432498
5263,364 0,679602962987082
5263,7694 0,65930475561334
5264,1749 0,659100960745096
5264,5805 0,63950597281752
5264,9861 0,625144758204424
5265,3919 0,62822493665566
5265,7977 0,629426618191365
5266,2036 0,654692703930338
5266,6096 0,687310189291619
5267,0157 0,717553876689735
5267,4219 0,712666671961301
5267,8282 0,69778459142411
5268,2346 0,660352200327981
5268,641 0,614304317974353
5269,0476 0,580871839037325
5269,4542 0,573905421017236
5269,8609 0,586707322182963
5270,2677 0,631090283704236
5270,6746 0,679685219270232
5271,0816 0,720211119371698
5271,4887 0,763259751687677
5271,8958 0,766680647104072
5272,3031 0,786953913282974
5272,7104 0,786658863403062
5273,1178 0,790137220869689
5273,5253 0,784126330691172
5273,9329 0,781498481318149
5274,3406 0,761454966524629
5274,7484 0,754901141702782
5275,1562 0,76804810379738
5275,5642 0,791264191858405
5275,9722 0,810062413870326
5276,3804 0,831766989901829
5276,7886 0,877835245471239
5277,1969 0,899842386185117
5277,6053 0,901747656379095
5278,0137 0,902811203257416
5278,4223 0,901483365127927
5278,831 0,889384069533402
5279,2397 0,880874888514531
5279,6485 0,859776417619176
5280,0574 0,822958774850083
5280,4664 0,805131109823793
5280,8755 0,794195839627503
5281,2847 0,790217489471
5281,694 0,761792323940991
5282,1033 0,762340854704084
5282,5128 0,75394974801414
5282,9223 0,749199194514775
5283,3319 0,753014740871761
5283,7416 0,776868528623638
5284,1514 0,795933592147264
5284,5613 0,825449483248234
5284,9713 0,867832533904425
5285,3814 0,898132677684332
5285,7915 0,911834794807811
5286,2017 0,907088498514163
5286,6121 0,920464818268333
5287,0225 0,917736305192967
5287,433 0,900381541500911
5287,8435 0,905256034649553
5288,2542 0,903302523804468
5288,665 0,915098406274569
5289,0758 0,919267914010265
5289,4868 0,914244996884397
5289,8978 0,927751792585467
5290,3089 0,945170670495087
5290,7201 0,943571778922754
5291,1314 0,92580122057714
5291,5427 0,914723307610624
5291,9542 0,90886889570134
5292,3658 0,912716822360849
5292,7774 0,895847887072649
5293,1891 0,888185282294753
5293,6009 0,903293820501445
5294,0128 0,889515078765042
5294,4248 0,87688850903138
5294,8369 0,860423077782573
5295,249 0,841414374561434
5295,6613 0,817293921823749
5296,0736 0,773183362095687
5296,4861 0,729781900902213
5296,8986 0,710643633874632
5297,3112 0,70734849056682
5297,7239 0,712926252789524
5298,1366 0,73437214361033
5298,5495 0,758784607995396
5298,9624 0,791495527849298
5299,3755 0,80587111298048
5299,7886 0,787463413894782
5300,2018 0,770560138434134
5300,6151 0,750588942656374
5301,0285 0,719621074613972
5301,442 0,729991799944915
5301,8555 0,759252853257329
5302,2692 0,822939070773881
5302,6829 0,859435687568648
5303,0967 0,888417462949153
5303,5106 0,900761704770585
5303,9246 0,9249570128001
5304,3387 0,918345080844706
5304,7529 0,92691090680968
5305,1672 0,922601387804682
5305,5815 0,905705795270665
5305,9959 0,909157387786547
5306,4105 0,881900941653496
5306,8251 0,887750994434748
5307,2398 0,874675989383223
5307,6546 0,899232899941327
5308,0694 0,908147652111158
5308,4844 0,917006608751514
5308,8994 0,933481657591651
5309,3146 0,936014646477313
5309,7298 0,944154626761007
5310,1451 0,933558426003808
5310,5605 0,936160356338683
5310,976 0,93573220233248
5311,3915 0,927830560831604
5311,8072 0,920036804273524
5312,2229 0,911571059728716
5312,6388 0,910895923063061
5313,0547 0,905329370096031
5313,4707 0,891245085260996
5313,8868 0,896123287135202
5314,303 0,896554463870463
5314,7192 0,892743333722657
5315,1356 0,871750341782301
5315,552 0,858866328950433
5315,9686 0,864211554091481
5316,3852 0,864014898368061
5316,8019 0,860624794225495
5317,2187 0,871192536067119
5317,6355 0,873225642893964
5318,0525 0,878962621622064
5318,4696 0,86820222529952
5318,8867 0,885205721205132
5319,3039 0,881502156269673
5319,7212 0,869878290601983
5320,1386 0,871893622758437
5320,5561 0,862727858346618
5320,9737 0,856137157052696
5321,3913 0,854973179703981
5321,8091 0,842131951369674
5322,2269 0,827866608971943
5322,6449 0,802502392156186
5323,0629 0,778694370187566
5323,481 0,758098029770336
5323,8991 0,75283758572421
5324,3174 0,761566479574559
5324,7358 0,775803468531832
5325,1542 0,784356167670911
5325,5727 0,79177311349676
5325,9914 0,774771747651551
5326,4101 0,724067299197779
5326,8289 0,674772664778966
5327,2477 0,632868443770717
5327,6667 0,607824218361191
5328,0858 0,60525058426783
5328,5049 0,631154989489787
5328,9241 0,682300024299386
5329,3434 0,737020722726977
5329,7628 0,785129315167934
5330,1823 0,823994256750064
5330,6019 0,855823916545144
5331,0216 0,866336371884918
5331,4413 0,856000067030058
5331,8611 0,857083480578731
5332,2811 0,845927680075557
5332,7011 0,852458345592555
5333,1212 0,854956089709523
5333,5414 0,887641482800556
5333,9616 0,894329098853764
5334,382 0,906793999575025
5334,8024 0,905394879856418
5335,223 0,913378678996835
5335,6436 0,907156621451988
5336,0643 0,892332098763334
5336,4851 0,89854177657152
5336,906 0,88979694794963
5337,3269 0,885104354103569
5337,748 0,877786744039925
5338,1691 0,859315414579875
5338,5903 0,825454629110178
5339,0116 0,784972016779666
5339,433 0,762489468970672
5339,8545 0,747958073095167
5340,2761 0,742251827932098
5340,6978 0,756067978414384
5341,1195 0,795232474657987
5341,5413 0,820956339558566
5341,9633 0,847921295893137
5342,3853 0,861239899793567
5342,8074 0,878813344640032
5343,2295 0,875899804504097
5343,6518 0,868613021163477
5344,0742 0,857152681724611
5344,4966 0,862015130048572
5344,9191 0,844537601857717
5345,3417 0,836873376411197
5345,7644 0,835276039384306
5346,1872 0,84320003799411
5346,6101 0,842000736907691
5347,0331 0,83993518333461
5347,4561 0,821378476634635
5347,8793 0,808434209636023
5348,3025 0,796984146955897
5348,7258 0,807866748177908
5349,1492 0,810659723757329
5349,5727 0,835632432272085
5349,9962 0,851523840788029
5350,4199 0,882406321919256
5350,8436 0,890093512189217
5351,2674 0,905280171744005
5351,6914 0,899895914381536
5352,1154 0,893189758501451
5352,5395 0,88108651128131
5352,9636 0,884155943464182
5353,3879 0,885609048870408
5353,8122 0,909787208401993
5354,2367 0,916440404090278
5354,6612 0,933838830978506
5355,0858 0,934011202829312
5355,5105 0,942627817535685
5355,9353 0,953424745392823
5356,3601 0,950812479867686
5356,7851 0,939156021152642
5357,2101 0,945389922213204
5357,6353 0,936487410206908
5358,0605 0,943487443892519
5358,4858 0,935954693563744
5358,9112 0,938599130400929
5359,3366 0,931999261292427
5359,7622 0,918901213045937
5360,1878 0,918080969760185
5360,6136 0,908952886136271
5361,0394 0,893711788780301
5361,4653 0,886762093473493
5361,8913 0,875092663746815
5362,3174 0,873181397625392
5362,7435 0,873269800030451
5363,1698 0,855328105351419
5363,5961 0,840838427498329
5364,0226 0,835658838749232
5364,4491 0,829639662214959
5364,8757 0,816733655625127
5365,3024 0,835528072094612
5365,7291 0,819360349731678
5366,156 0,83014437121764
5366,5829 0,831248981997839
5367,01 0,833855552070046
5367,4371 0,819486147153447
5367,8643 0,822566810018664
5368,2916 0,803720734190602
5368,719 0,786019836693028
5369,1464 0,754810359353319
5369,574 0,733074842985728
5370,0016 0,690774909889721
5370,4293 0,683541131565415
5370,8572 0,687374502771467
5371,285 0,711429294735725
5371,713 0,742874412034505
5372,1411 0,79077611550723
5372,5693 0,81833768140981
5372,9975 0,858670568445199
5373,4258 0,871378139728347
5373,8542 0,888675747121285
5374,2827 0,898872186859133
5374,7113 0,9063132314601
5375,14 0,914607177666958
5375,5688 0,906860385907105
5375,9976 0,899310033829928
5376,4266 0,882411853927015
5376,8556 0,880539534762166
5377,2847 0,877914101953355
5377,7139 0,886850807872544
5378,1432 0,888585063970636
5378,5725 0,893382119097026
5379,002 0,890773639631706
5379,4315 0,888975065028425
5379,8611 0,889096172530019
5380,2908 0,890397791491367
5380,7206 0,879249912537342
5381,1505 0,868058933084286
5381,5805 0,848903076020078
5382,0106 0,836112071414856
5382,4407 0,816453411769182
5382,8709 0,824418136077313
5383,3013 0,827291041674439
5383,7317 0,851167365654655
5384,1621 0,860101541510521
5384,5927 0,879984102418244
5385,0234 0,896676644782623
5385,4541 0,885107579922987
5385,885 0,890493134720663
5386,3159 0,881102345717303
5386,7469 0,876856629927297
5387,178 0,880140078392229
5387,6092 0,865919461998761
5388,0404 0,858713560386457
5388,4718 0,836344634820611
5388,9032 0,838988168493912
5389,3348 0,823012213400973
5389,7664 0,814369705770921
5390,1981 0,816263037763225
5390,6299 0,814065301124723
5391,0617 0,802389533792891
5391,4937 0,79708746609167
5391,9257 0,786202289539128
5392,3579 0,791220847067082
5392,7901 0,783921013719452
5393,2224 0,794902027936286
5393,6548 0,780509178440429
5394,0872 0,796578195271216
5394,5198 0,803862205944879
5394,9525 0,810482346797306
5395,3852 0,795730716071096
5395,818 0,764796070438228
5396,2509 0,735331161623751
5396,6839 0,727286907931776
5397,117 0,727557356989715
5397,5502 0,750617536373873
5397,9834 0,776721374216181
5398,4167 0,801493941741815
5398,8502 0,818805043113001
5399,2837 0,817859464982269
5399,7173 0,82502156337353
5400,151 0,81794595176227
5400,5847 0,828446885343995
5401,0186 0,845460150242763
5401,4525 0,851262392803894
5401,8866 0,853573685726438
5402,3207 0,834447452970936
5402,7549 0,808830863826121
5403,1892 0,769148199650323
5403,6235 0,73301892006798
5404,058 0,70184536966252
5404,4926 0,674016828127127
5404,9272 0,664969599668731
5405,3619 0,67397073694722
5405,7967 0,696781933875632
5406,2316 0,731593561941224
5406,6666 0,75889766916806
5407,1016 0,794709870374854
5407,5368 0,812442914511539
5407,972 0,802281727543686
5408,4074 0,797346995268835
5408,8428 0,775520477278816
5409,2783 0,751886201638267
5409,7138 0,748304560028911
5410,1495 0,751134937213451
5410,5853 0,783991398671825
5411,0211 0,803623768260636
5411,457 0,836681159546292
5411,8931 0,850464839443412
5412,3292 0,867654878672743
5412,7653 0,866110386979679
5413,2016 0,867740726904531
5413,638 0,847947863724802
5414,0744 0,836334851389952
5414,5109 0,828908159285541
5414,9476 0,831820646674541
5415,3843 0,818711626578482
5415,8211 0,860820460695937
5416,2579 0,884411297076763
5416,6949 0,905663556797631
5417,1319 0,904840861045651
5417,5691 0,900563093709876
5418,0063 0,908597278528473
5418,4436 0,895599031199829
5418,881 0,869438886136959
5419,3185 0,865581845310197
5419,756 0,859091926430091
5420,1937 0,854203576494956
5420,6314 0,85555999182258
5421,0693 0,869685082095724
5421,5072 0,876763691116809
5421,9452 0,871600446724163
5422,3833 0,85608680488482
5422,8214 0,819830179854324
5423,2597 0,802731000543696
5423,698 0,790230515273836
5424,1365 0,794158140072306
5424,575 0,81357151755502
5425,0136 0,83844507901184
5425,4523 0,877694626681622
5425,891 0,899776677278789
5426,3299 0,910013146906065
5426,7688 0,914322082258094
5427,2079 0,910900057888395
5427,647 0,869391079233724
5428,0862 0,826212651177183
5428,5255 0,78448520099364
5428,9649 0,75082043790396
5429,4043 0,74179120809793
5429,8439 0,759145514661826
5430,2835 0,780342009844013
5430,7232 0,810330368035813
5431,163 0,829463071225916
5431,6029 0,827906036023549
5432,0429 0,814612169051407
5432,483 0,801035726908072
5432,9231 0,775382037156444
5433,3634 0,755528222516795
5433,8037 0,755535753885687
5434,2441 0,75731192217413
5434,6846 0,761856633405049
5435,1252 0,775071173380936
5435,5659 0,794581316052408
5436,0066 0,811110879798519
5436,4475 0,839720828314452
5436,8884 0,844894524655679
5437,3294 0,876612282863421
5437,7705 0,893042191135905
5438,2117 0,902328153088501
5438,653 0,91590131524209
5439,0943 0,922627763207398
5439,5358 0,922839373672864
5439,9773 0,920224900979735
5440,4189 0,921625669566221
5440,8606 0,920557415593308
5441,3024 0,9177878430335
5441,7443 0,920701964073526
5442,1863 0,91952266739699
5442,6283 0,916335200206682
5443,0705 0,909189581122861
5443,5127 0,886964968976965
5443,955 0,868887984482276
5444,3974 0,838524615261119
5444,8399 0,801404703586618
5445,2824 0,766236349228709
5445,7251 0,739214487447218
5446,1678 0,726567884357931
5446,6107 0,732656245605137
5447,0536 0,756517846870358
5447,4966 0,791028033010374
5447,9397 0,838256658593151
5448,3828 0,874510302129767
5448,8261 0,899304498392697
5449,2694 0,918941940494949
5449,7129 0,917177445133273
5450,1564 0,924182695662774
5450,6 0,918394832099924
5451,0437 0,912301888962516
5451,4875 0,906517420987031
5451,9313 0,907528181057758
5452,3753 0,901787836420853
5452,8193 0,887767343456719
5453,2634 0,870084421306511
5453,7076 0,844903733797816
5454,1519 0,798039233419822
5454,5963 0,772375780676855
5455,0408 0,7541684992331
5455,4853 0,757141797452863
5455,93 0,778624766452443
5456,3747 0,820534882260165
5456,8195 0,870511307525223
5457,2644 0,900559993909483
5457,7094 0,912931025567359
5458,1545 0,929668418425954
5458,5996 0,930792215430466
5459,0449 0,918624423779699
5459,4902 0,917060198240426
5459,9356 0,90479902360551
5460,3811 0,895236781259702
5460,8267 0,86927671746988
5461,2724 0,846655172952198
5461,7181 0,8277215671339
5462,164 0,806337851393243
5462,6099 0,796140825987668
5463,0559 0,801223087374661
5463,502 0,819672221666631
5463,9482 0,834358667246395
5464,3945 0,865573989260841
5464,8409 0,875382371301029
5465,2873 0,880258625901143
5465,7338 0,87036656893958
5466,1805 0,87426488977248
5466,6272 0,880121746621007
5467,074 0,888724601090805
5467,5209 0,893402196554033
5467,9678 0,912443839067473
5468,4149 0,907368866553166
5468,862 0,907734155338722
5469,3093 0,89105614537087
5469,7566 0,873858592699686
5470,204 0,874818153163493
5470,6515 0,875713408006233
5471,099 0,882578039978845
5471,5467 0,883097656079282
5471,9944 0,877648221503235
5472,4423 0,870215848300454
5472,8902 0,856401170575269
5473,3382 0,853626537251538
5473,7863 0,855910408725991
5474,2345 0,859479821428473
5474,6827 0,846596324817531
5475,1311 0,819254759129952
5475,5795 0,780836156296267
5476,028 0,759880914698734
5476,4766 0,743721956664436
5476,9253 0,76025523297258
5477,3741 0,788743368363619
5477,823 0,832659082171499
5478,2719 0,861426081941206
5478,721 0,885301440784279
5479,1701 0,881122008693325
5479,6193 0,864546233765532
5480,0686 0,845159215339651
5480,518 0,826773696211368
5480,9675 0,811371536375102
5481,4171 0,811107009848374
5481,8667 0,818707008501959
5482,3164 0,836933670019653
5482,7663 0,86013287409382
5483,2162 0,886873895600426
5483,6662 0,898992387664458
5484,1162 0,916143411031367
5484,5664 0,928409359162024
5485,0166 0,924880329102484
5485,467 0,922490120912702
5485,9174 0,916031147643995
5486,3679 0,881143099383548
5486,8185 0,864439516596865
5487,2692 0,847605313038253
5487,72 0,848861634800732
5488,1708 0,857721100234214
5488,6218 0,868466583340217
5489,0728 0,882885835522881
5489,5239 0,893127935018636
5489,9751 0,89851797758596
5490,4264 0,904266094559398
5490,8778 0,911210666762922
5491,3292 0,920689941258019
5491,7808 0,915058273969861
5492,2324 0,913518951551089
5492,6841 0,894521378981192
5493,136 0,889762348779314
5493,5879 0,885819932747442
5494,0398 0,890025643899672
5494,4919 0,894543275846202
5494,9441 0,902094157493546
5495,3963 0,902411632191398
5495,8486 0,886114939861255
5496,301 0,870004319361689
5496,7535 0,861881220158708
5497,2061 0,852332384221759
5497,6588 0,862482437167451
5498,1116 0,877315821384774
5498,5644 0,901395041519579
5499,0173 0,919120147250273
5499,4703 0,921809962639402
5499,9235 0,90943311581825
5500,3766 0,895170361403103
5500,8299 0,873307882427011
5501,2833 0,865377295878886
5501,7367 0,850818164774635
5502,1903 0,855048646119168
5502,6439 0,86171354944811
5503,0976 0,873094470853407
5503,5514 0,882482395156138
5504,0053 0,881591266958774
5504,4593 0,883905661716011
5504,9133 0,86520937313158
5505,3675 0,850129700837169
5505,8217 0,841612725359483
5506,276 0,829112511721614
5506,7304 0,839046189104245
5507,1849 0,85453612204731
5507,6395 0,887451271385611
5508,0942 0,904053196810312
5508,5489 0,909457097605955
5509,0037 0,913738302041791
5509,4587 0,909401276143111
5509,9137 0,90157103710462
5510,3688 0,893435170872321
5510,824 0,872568649310125
5511,2792 0,844283350107831
5511,7346 0,829257259006868
5512,19 0,818405652702741
5512,6456 0,809092015125801
5513,1012 0,812301121213584
5513,5569 0,832136636315097
5514,0127 0,844085242562216
5514,4686 0,858502678800746
5514,9245 0,871737316150421
5515,3806 0,875983848207731
5515,8367 0,881763710252876
5516,2929 0,887740022061413
5516,7492 0,898661066279628
5517,2056 0,910739318387496
5517,6621 0,919592416319008
5518,1187 0,93315737718848
5518,5754 0,935880397583841
5519,0321 0,942741080626215
5519,4889 0,941626204234218
5519,9459 0,935693032176641
5520,4029 0,938663263344372
5520,8599 0,927300269167349
5521,3171 0,925869128523708
5521,7744 0,927328412246034
5522,2317 0,922535667681062
5522,6892 0,933202517774152
5523,1467 0,932901459793079
5523,6043 0,927409656053736
5524,062 0,932296273919573
5524,5198 0,915831685338112
5524,9777 0,914972093419543
5525,4356 0,901689994391011
5525,8937 0,893021192612141
5526,3518 0,870534453732284
5526,81 0,847755810702404
5527,2683 0,817330520890333
5527,7267 0,793988687006539
5528,1852 0,792532233398791
5528,6438 0,796532100868279
5529,1024 0,83962731196716
5529,5612 0,876158308164121
5530,02 0,905402747545517
5530,4789 0,927347598724904
5530,9379 0,919541976262053
5531,397 0,919370609124354
5531,8562 0,917309615803096
5532,3155 0,91694898992017
5532,7748 0,914800416598951
5533,2342 0,906524480345513
5533,6938 0,909774856100706
5534,1534 0,897154434678997
5534,6131 0,893686778879742
5535,0729 0,888468965230987
5535,5327 0,888278661608442
5535,9927 0,910297548434206
5536,4527 0,909440484283409
5536,9129 0,906188994507029
5537,3731 0,903323561622417
5537,8334 0,893838201402779
5538,2938 0,899251567141603
5538,7543 0,906886500264542
5539,2148 0,906880068081627
5539,6755 0,929937350890984
5540,1362 0,937913323786107
5540,597 0,942086316509318
5541,058 0,936240892715084
5541,519 0,935230208941184
5541,9801 0,919174730240078
5542,4412 0,898935649009361
5542,9025 0,895161078453734
5543,3638 0,886316923914527
5543,8253 0,890234888483434
5544,2868 0,909283449464197
5544,7484 0,913163179644508
5545,2101 0,918707564907735
5545,6719 0,914927449242424
5546,1338 0,909408056938034
5546,5957 0,914554009036806
5547,0578 0,919794701089077
5547,5199 0,942266402794806
5547,9821 0,94988722039053
5548,4444 0,951129274516238
5548,9068 0,946831853202925
5549,3693 0,960526752209461
5549,8319 0,961799880084672
5550,2945 0,95145703979655
5550,7573 0,948037860356329
5551,2201 0,957321594907732
5551,683 0,944940922317375
5552,146 0,934986087714716
5552,6091 0,92460417730833
5553,0723 0,916437169689025
5553,5356 0,900361009281384
5553,9989 0,88783614741653
5554,4624 0,893721627087496
5554,9259 0,899948394481716
5555,3895 0,919815586244647
5555,8532 0,913204418427922
5556,317 0,927322467075182
5556,7809 0,925038535241496
5557,2449 0,923020559934159
5557,7089 0,928772600993371
5558,173 0,920766694401884
5558,6373 0,932391383426746
5559,1016 0,927707735590258
5559,566 0,929265392702673
5560,0305 0,927860160520202
5560,495 0,923127092187242
5560,9597 0,91654469306381
5561,4245 0,907774095076446
5561,8893 0,894512500667126
5562,3542 0,882860631655523
5562,8192 0,88001354458855
5563,2843 0,882581527747054
5563,7495 0,883407580390163
5564,2148 0,886251486624233
5564,6802 0,877773402966938
5565,1456 0,873427504116391
5565,6111 0,875167300264034
5566,0768 0,873129940087817
5566,5425 0,87649262362493
5567,0083 0,884624500861051
5567,4742 0,883872930328139
5567,9401 0,875862928095924
5568,4062 0,862637495001202
5568,8723 0,859612380828762
5569,3386 0,85815219515178
5569,8049 0,862037620835864
5570,2713 0,883459722568941
5570,7378 0,887110776094586
5571,2044 0,876746203106411
5571,6711 0,854058330135417
5572,1378 0,838331431169572
5572,6047 0,828354422362473
5573,0716 0,835618758742373
5573,5386 0,854767468165891
5574,0058 0,885438405626228
5574,4729 0,896973068453053
5574,9402 0,9027764322174
5575,4076 0,896492488692668
5575,8751 0,899032446576938
5576,3426 0,901912099852006
5576,8103 0,910177967241774
5577,278 0,921289558640516
5577,7458 0,934691669593434
5578,2137 0,936939603458405
5578,6817 0,931870526590575
5579,1497 0,930702601056352
5579,6179 0,933527037593959
5580,0862 0,932245559609988
5580,5545 0,92162276570193
5581,0229 0,911506976558165
5581,4914 0,903957112966951
5581,96 0,899549932109023
5582,4287 0,908911868687059
5582,8975 0,909301480772368
5583,3664 0,916956583539728
5583,8353 0,918024013470225
5584,3043 0,908112323847495
5584,7735 0,886569736145198
5585,2427 0,851750517474993
5585,712 0,812958725308282
5586,1814 0,784097974459461
5586,6509 0,75601694367661
5587,1204 0,737885238775345
5587,5901 0,741295524769682
5588,0598 0,747043047478209
5588,5296 0,7525500734954
5588,9996 0,772468351387158
5589,4696 0,79644793208083
5589,9397 0,827424492381422
5590,4098 0,851421085942998
5590,8801 0,869661420292117
5591,3505 0,880097151863436
5591,8209 0,886766745297908
5592,2914 0,882233267373904
5592,7621 0,869771203073207
5593,2328 0,851996546232564
5593,7036 0,835408997200653
5594,1744 0,84063772479491
5594,6454 0,856155524204271
5595,1165 0,875865195339774
5595,5876 0,908630642750268
5596,0588 0,924039378044743
5596,5302 0,930786300078374
5597,0016 0,909998176516217
5597,4731 0,878428716453331
5597,9447 0,865794794134541
5598,4163 0,860005737978109
5598,8881 0,859922169458067
5599,3599 0,857112372583945
5599,8319 0,859765802510841
5600,3039 0,857859997566828
5600,776 0,840331654606844
5601,2482 0,832508004479315
5601,7205 0,810950391827141
5602,1929 0,811362657929193
5602,6654 0,826063634746435
5603,1379 0,843067243555728
5603,6106 0,881178195256644
5604,0833 0,915023571461101
5604,5561 0,941020071588011
5605,029 0,965133314019505
5605,502 0,974538941134282
5605,9751 0,97427966547645
5606,4483 0,972754068702594
5606,9215 0,971580266335282
5607,3949 0,96960820068755
5607,8683 0,966864611743571
5608,3418 0,969313571699828
5608,8154 0,966337372588417
5609,2891 0,958002743237322
5609,7629 0,957815979712515
5610,2368 0,971795322148542
5610,7108 0,972994358796341
5611,1848 0,972927024972279
5611,659 0,975618854424587
5612,1332 0,969367316007352
5612,6075 0,966958052597821
5613,0819 0,942496024490155
5613,5564 0,915079525434132
5614,031 0,853539145911133
5614,5057 0,801841768795426
5614,9804 0,768363442870314
5615,4553 0,765563424600215
5615,9302 0,7756917614722
5616,4053 0,81650844809474
5616,8804 0,863410354322408
5617,3556 0,887196559231209
5617,8309 0,907229381941798
5618,3062 0,906936320599833
5618,7817 0,905669779236357
5619,2573 0,905116401624546
5619,7329 0,910752833130445
5620,2086 0,926705596846333
5620,6845 0,935755086166322
5621,1604 0,941046740536872
5621,6364 0,946946427146296
5622,1124 0,946983367954202
5622,5886 0,932432470551292
5623,0649 0,893491711265521
5623,5412 0,870734966039436
5624,0177 0,842908585131394
5624,4942 0,831956899768735
5624,9708 0,84093093379547
5625,4475 0,856455723190072
5625,9243 0,88522754328772
5626,4012 0,907827940223952
5626,8782 0,919920394889354
5627,3552 0,933684814959673
5627,8324 0,931056304343531
5628,3096 0,937076072133839
5628,787 0,942578373152503
5629,2644 0,962281509722907
5629,7419 0,963298923694465
5630,2195 0,968767653423875
5630,6971 0,979926575425455
5631,1749 0,96944232675055
5631,6528 0,973408887253416
5632,1307 0,963316998334817
5632,6088 0,947805087500127
5633,0869 0,945176966687948
5633,5651 0,93341596487857
5634,0434 0,927951769559281
5634,5218 0,924885001280468
5635,0003 0,916273479761695
5635,4788 0,914152920225141
5635,9575 0,909314150310923
5636,4362 0,89683694419621
5636,9151 0,886500178058452
5637,394 0,87591911929609
5637,873 0,902027913965414
5638,3521 0,906910441294121
5638,8313 0,915280377697306
5639,3106 0,926263467637032
5639,79 0,922501671857278
5640,2694 0,914082929778403
5640,749 0,903718208073233
5641,2286 0,899728505843047
5641,7083 0,896794435023829
5642,1881 0,900513937484037
5642,668 0,907498702076709
5643,148 0,914329302171901
5643,6281 0,917379086158332
5644,1083 0,916400846882268
5644,5885 0,918364144146311
5645,0689 0,931724236527368
5645,5493 0,933972695702596
5646,0298 0,948276438481719
5646,5105 0,939353867820707
5646,9912 0,949933651997043
5647,472 0,948747411098552
5647,9528 0,947048487422622
5648,4338 0,932534635642005
5648,9149 0,920241847763234
5649,396 0,906788883478553
5649,8773 0,916261533168456
5650,3586 0,913751385288118
5650,84 0,926846391215378
5651,3215 0,941003231889982
5651,8031 0,941288706333384
5652,2848 0,94353957385639
5652,7666 0,935482198243302
5653,2484 0,927899288682675
5653,7304 0,90741465847654
5654,2124 0,887694550055866
5654,6945 0,881718221260619
5655,1768 0,894185806587846
5655,6591 0,90087632373965
5656,1415 0,904993744181525
5656,624 0,898168427133533
5657,1065 0,875270926887929
5657,5892 0,840521572001099
5658,072 0,819132381798499
5658,5548 0,809641890388886
5659,0377 0,823835450469732
5659,5208 0,852972966216797
5660,0039 0,874036086715016
5660,4871 0,89955419528616
5660,9704 0,897852560353112
5661,4538 0,875896452602427
5661,9372 0,857028068865891
5662,4208 0,858503818585295
5662,9044 0,874384306959283
5663,3882 0,885481923630288
5663,872 0,910512724600097
5664,3559 0,934828697562811
5664,8399 0,938308763651871
5665,324 0,944609091872941
5665,8082 0,934834621745685
5666,2925 0,930505861787758
5666,7769 0,927985526181959
5667,2613 0,914716634832973
5667,7459 0,925644131722314
5668,2305 0,925991900325588
5668,7152 0,932751581441675
5669,2001 0,934925435747475
5669,685 0,938116878499287
5670,17 0,939208690752699
5670,655 0,940721641197911
5671,1402 0,940436176562267
5671,6255 0,948041575743354
5672,1108 0,956910001528522
5672,5963 0,961775074366699
5673,0818 0,97420295861018
5673,5674 0,967678672729896
5674,0531 0,951610902456559
5674,5389 0,947832551416978
5675,0248 0,94911505940465
5675,5108 0,941069241129334
5675,9969 0,946768538424656
5676,4831 0,963193014330415
5676,9693 0,962211481971942
5677,4556 0,955288468611511
5677,9421 0,953902961924807
5678,4286 0,94541942604962
5678,9152 0,934028283160066
5679,4019 0,93652229088272
5679,8887 0,93489821733814
5680,3756 0,937291427831776
5680,8626 0,926681734622449
5681,3496 0,901004692468754
5681,8368 0,894458313740446
5682,324 0,880853826925563
5682,8113 0,879955365214638
5683,2988 0,882541323468457
5683,7863 0,896207837804427
5684,2739 0,906932421172876
5684,7616 0,921108152823594
5685,2494 0,915234601166877
5685,7372 0,903061600179988
5686,2252 0,887293864608672
5686,7132 0,880460021300389
5687,2014 0,86994857630029
5687,6896 0,86406431404052
5688,1779 0,869929720092809
5688,6664 0,881603726528559
5689,1549 0,898203255919559
5689,6435 0,910107305748116
5690,1321 0,925293165233813
5690,6209 0,927823986825216
5691,1098 0,930989810082031
5691,5987 0,945908712145089
5692,0878 0,945287534615669
5692,5769 0,948242185701915
5693,0661 0,944840208626097
5693,5555 0,93025730156924
5694,0449 0,936226982993567
5694,5344 0,924360303752299
5695,024 0,935005442851608
5695,5136 0,935920857912224
5696,0034 0,947002067982067
5696,4933 0,95048202956323
5696,9832 0,937000332666444
5697,4733 0,920086438830724
5697,9634 0,912073124957924
5698,4536 0,90687853858783
5698,9439 0,907441229859718
5699,4343 0,90771941539754
5699,9248 0,905918626263669
5700,4154 0,8981969562426
5700,9061 0,888306795239677
5701,3968 0,881492268779682
5701,8877 0,883233583447828
5702,3786 0,890559777386316
5702,8697 0,901464612151646
5703,3608 0,923117084958636
5703,852 0,915214196708764
5704,3433 0,910974768960649
5704,8347 0,90423640206319
5705,3262 0,888040866292415
5705,8178 0,877652173695699
5706,3095 0,865609744994615
5706,8012 0,859567310075427
5707,2931 0,860933758466966
5707,785 0,84509794639626
5708,2771 0,832070547382809
5708,7692 0,830206744004612
5709,2614 0,822943935668215
5709,7537 0,822723820978069
5710,2461 0,827443792691404
5710,7386 0,828237073234963
5711,2312 0,829566658246906
5711,7239 0,840863718938291
5712,2166 0,859819191308118
5712,7095 0,884249147257621
5713,2024 0,911264074706966
5713,6955 0,919937145966246
5714,1886 0,932447287228208
5714,6818 0,925065078334471
5715,1751 0,929725233256997
5715,6685 0,931523377580838
5716,162 0,925709607984594
5716,6556 0,919693788800769
5717,1493 0,925203121372075
5717,643 0,928932298299455
5718,1369 0,932687736877581
5718,6308 0,934685903984881
5719,1249 0,941297147315641
5719,619 0,940041864214697
5720,1132 0,949911009175515
5720,6075 0,955937059787409
5721,1019 0,957595965943848
5721,5964 0,957799339743811
5722,091 0,963546476405464
5722,5857 0,962177220941091
5723,0804 0,971684486041692
5723,5753 0,962726646701235
5724,0702 0,971958915969316
5724,5653 0,958087847084101
5725,0604 0,96211635041676
5725,5556 0,945732679635753
5726,051 0,927094260254861
5726,5464 0,919514062363504
5727,0419 0,927697598897449
5727,5374 0,9256681655456
5728,0331 0,936941938227863
5728,5289 0,953250372865763
5729,0248 0,958517965772699
5729,5207 0,954042273525031
5730,0168 0,950927335726359
5730,5129 0,934291132260391
5731,0091 0,924687164513664
5731,5055 0,921584729034322
5732,0019 0,92409528104776
5732,4984 0,938464385999909
5732,995 0,944641814635993
5733,4917 0,957247829700148
5733,9884 0,969855556464084
5734,4853 0,966711490005852
5734,9823 0,964713454065681
5735,4793 0,962480586127341
5735,9765 0,961087255792538
5736,4737 0,952520074463789
5736,971 0,945840683749824
5737,4685 0,95059196863791
5737,966 0,94861208135664
5738,4636 0,950595454759871
5738,9613 0,954171725496744
5739,4591 0,952686156860634
5739,957 0,954550459014993
5740,4549 0,948832112516745
5740,953 0,952200912980601
5741,4512 0,949677163229037
5741,9494 0,943988896943124
5742,4477 0,944414547728017
5742,9462 0,949931543727375
5743,4447 0,94932524292973
5743,9433 0,961588939072735
5744,442 0,965345219460896
5744,9408 0,97851160543018
5745,4397 0,97659669039173
5745,9387 0,961889525662294
5746,4378 0,948842452943266
5746,9369 0,934099460475182
5747,4362 0,920171088550256
5747,9356 0,918007520116018
5748,435 0,930547991249165
5748,9345 0,931166717395987
5749,4342 0,953498288233054
5749,9339 0,963192385945271
5750,4337 0,963285072931674
5750,9336 0,951650483646097
5751,4336 0,932178318425858
5751,9337 0,904869076713699
5752,4339 0,891151816795799
5752,9342 0,868078428712443
5753,4345 0,864069792198654
5753,935 0,869759505637357
5754,4355 0,889271038379261
5754,9362 0,909052389456683
5755,4369 0,932396915456367
5755,9378 0,947312727871528
5756,4387 0,953205611363683
5756,9397 0,962770015017373
5757,4408 0,956204577523402
5757,942 0,951339310596402
5758,4433 0,961364108142358
5758,9447 0,946870393092487
5759,4462 0,939694023811088
5759,9477 0,92724055867708
5760,4494 0,912710867354409
5760,9511 0,911835507217538
5761,453 0,880284394966984
5761,9549 0,874909580934442
5762,457 0,875722108190688
5762,9591 0,881627340727358
5763,4613 0,902235239989486
5763,9636 0,925374379624426
5764,466 0,948803603209032
5764,9685 0,965537644632194
5765,4711 0,963626119917005
5765,9738 0,961036429840213
5766,4766 0,968943975190593
5766,9794 0,971458255715834
5767,4824 0,970472164265081
5767,9854 0,972968424759244
5768,4886 0,969469466720389
5768,9918 0,964190245019332
5769,4952 0,972995209240111
5769,9986 0,963933473034554
5770,5021 0,948837627712345
5771,0057 0,947963425032905
5771,5094 0,931719541467706
5772,0132 0,940126635331912
5772,5171 0,938933104899974
5773,0211 0,936703370396296
5773,5252 0,93676778234661
5774,0293 0,933234657353104
5774,5336 0,931288272236327
5775,038 0,93388777184576
5775,5424 0,938724187389821
5776,0469 0,955232735612513
5776,5516 0,958118431856818
5777,0563 0,964388835515657
5777,5611 0,96555353108357
5778,066 0,958782277139217
5778,5711 0,953660304912377
5779,0762 0,932182201375194
5779,5813 0,913437263444358
5780,0866 0,887362006187118
5780,592 0,865180386444681
5781,0975 0,854242488328721
5781,6031 0,85910962562012
5782,1087 0,860957044639521
5782,6145 0,868632810203398
5783,1203 0,864874051075783
5783,6263 0,856605345655055
5784,1323 0,847756144638722
5784,6384 0,849002517145763
5785,1446 0,841891622619131
5785,651 0,858293259446615
5786,1574 0,881002666609931
5786,6639 0,896919150159535
5787,1705 0,915368941956969
5787,6772 0,929486034414325
5788,1839 0,930180093521356
5788,6908 0,929662160257731
5789,1978 0,934404209505882
5789,7049 0,926841492617489
5790,212 0,910579375820195
5790,7193 0,906885963124587
5791,2266 0,911612106444375
5791,734 0,91299747288109
5792,2416 0,928534642594433
5792,7492 0,933903069113509
5793,2569 0,939403879966078
5793,7647 0,946424748369273
5794,2726 0,961013401577715
5794,7806 0,966804451993347
5795,2887 0,969365108281453
5795,7969 0,963275756549089
5796,3052 0,95095214441143
5796,8136 0,944699049254746
5797,3221 0,929659376548849
5797,8306 0,936333289187563
5798,3393 0,939067756951241
5798,848 0,952851438705473
5799,3569 0,959461950684103
5799,8658 0,963187668086665
5800,3749 0,979563493629842
5800,884 0,982871132423239
5801,3932 0,977828037688394
5801,9025 0,985701952825668
5802,412 0,97757721746314
5802,9215 0,964413557581673
5803,4311 0,946795381048302
5803,9408 0,945100718102901
5804,4505 0,928323741453201
5804,9604 0,922216989034049
5805,4704 0,925838093388276
5805,9805 0,927192710424828
5806,4906 0,934213534971973
5807,0009 0,945808199730445
5807,5113 0,937253719799286
5808,0217 0,945023893021225
5808,5323 0,948529555107407
5809,0429 0,948938612551771
5809,5536 0,955273875710244
5810,0645 0,960870277148692
5810,5754 0,9738151442766
5811,0864 0,981092303227644
5811,5975 0,968612037642726
5812,1087 0,978942554540167
5812,62 0,970103189738254
5813,1314 0,969921312279124
5813,6429 0,966731209710111
5814,1545 0,953684740486357
5814,6662 0,945089144478387
5815,1779 0,923806985994303
5815,6898 0,917830667530525
5816,2018 0,911307869796808
5816,7138 0,92352318904746
5817,226 0,936741441077673
5817,7382 0,961807326085648
5818,2506 0,969499515230982
5818,763 0,977815172394121
5819,2755 0,98920514503709
5819,7882 0,987017992906958
5820,3009 0,986665481680979
5820,8137 0,983892107881226
5821,3266 0,98143754078388
5821,8396 0,982270807853848
5822,3527 0,969563889690713
5822,8659 0,973482309214868
5823,3792 0,973499783202698
5823,8926 0,978922081455414
5824,4061 0,973872690977964
5824,9196 0,982494335705311
5825,4333 0,979002495553744
5825,9471 0,983378840640596
5826,4609 0,976493778771614
5826,9749 0,975959880329969
5827,489 0,974053468351198
5828,0031 0,979181637521286
5828,5173 0,97466935228716
5829,0317 0,979314914752182
5829,5461 0,978958000021365
5830,0606 0,975037738069882
5830,5753 0,975057559673257
5831,09 0,977542885522451
5831,6048 0,974455967154026
5832,1197 0,980225804351589
5832,6347 0,972969149363395
5833,1498 0,969919349029662
5833,665 0,967962233733267
5834,1803 0,967300756707434
5834,6957 0,969293733091635
5835,2112 0,96134542631966
5835,7268 0,971276143564454
5836,2424 0,975421440197827
5836,7582 0,972621382065202
5837,2741 0,972232172484189
5837,79 0,965439437623697
5838,3061 0,96532130028468
5838,8222 0,960767129676875
5839,3385 0,977913515925776
5839,8548 0,982216131894112
5840,3713 0,988729338911445
5840,8878 0,988825599245858
5841,4044 1,00153578220153
5841,9211 0,989381963311963
5842,438 0,996157997405969
5842,9549 0,99064803908672
5843,4719 0,991456484732311
5843,989 0,974281974047905
5844,5062 0,972074003210758
5845,0235 0,968030364668202
5845,5409 0,970487605785874
5846,0584 0,969609346116883
5846,576 0,958796716662051
5847,0937 0,950881533837651
5847,6115 0,953877698354378
5848,1293 0,961172672156948
5848,6473 0,950513779631562
5849,1654 0,962236142183814
5849,6836 0,975813255080787
5850,2018 0,97912086073962
5850,7202 0,966855161710892
5851,2386 0,961250138461484
5851,7572 0,951329712276295
5852,2758 0,932714265130354
5852,7946 0,927882633909379
5853,3134 0,919394330503525
5853,8324 0,929213484515887
5854,3514 0,930588008173377
5854,8705 0,937710686139331
5855,3897 0,922686979200617
5855,9091 0,898186536713804
5856,4285 0,889445090562432
5856,948 0,861205264783432
5857,4676 0,864728817200396
5857,9873 0,859355949219041
5858,5071 0,873900875245566
5859,027 0,905441985428534
5859,547 0,926645120654884
5860,0671 0,937920313028662
5860,5873 0,943717593789286
5861,1076 0,935876640095765
5861,628 0,940189903213225
5862,1484 0,925824286856842
5862,669 0,937494450703877
5863,1897 0,952592292853697
5863,7105 0,953670158397652
5864,2313 0,966383862432737
5864,7523 0,953102483226404
5865,2734 0,947435943025815
5865,7945 0,932515429604937
5866,3158 0,927750593943684
5866,8371 0,93929415731853
5867,3586 0,950849276636069
5867,8801 0,957945209472116
5868,4018 0,972353328572309
5868,9235 0,97510277775856
5869,4453 0,987394603908064
5869,9673 0,976824279566094
5870,4893 0,977846413720606
5871,0114 0,966229404893909
5871,5337 0,973397611613683
5872,056 0,970448693358152
5872,5784 0,961932766348698
5873,1009 0,97003889182508
5873,6235 0,968054283393309
5874,1462 0,97065121850783
5874,6691 0,966459006733886
5875,192 0,960994253220668
5875,715 0,962313032394752
5876,2381 0,963104471689242
5876,7613 0,962614451860436
5877,2846 0,959113784071928
5877,8079 0,95599563169215
5878,3314 0,959447478677242
5878,855 0,944829994309211
5879,3787 0,935857601064957
5879,9025 0,934675883230052
5880,4264 0,936026296297229
5880,9503 0,934479509664227
5881,4744 0,949185193030324
5881,9986 0,948740243314127
5882,5229 0,926657801870308
5883,0472 0,922040676947362
5883,5717 0,926010971648805
5884,0963 0,91163564240122
5884,6209 0,918307174235795
5885,1457 0,91469994544054
5885,6705 0,914949959390523
5886,1955 0,906035061637696
5886,7205 0,880546875859156
5887,2457 0,841431012345324
5887,7709 0,783955390564462
5888,2963 0,714235212026216
5888,8217 0,63691157400164
5889,3473 0,582521818421642
5889,8729 0,580702054186544
5890,3986 0,583780383843708
5890,9245 0,63742945471704
5891,4504 0,698869851486278
5891,9764 0,748586408823329
5892,5026 0,789307973644479
5893,0288 0,805233448237281
5893,5551 0,786929164518113
5894,0815 0,755352450397109
5894,6081 0,697833515855639
5895,1347 0,653732380776335
5895,6614 0,636633302333021
5896,1882 0,651387027790372
5896,7151 0,694125319239974
5897,2421 0,756363059514449
5897,7693 0,809430485027355
5898,2965 0,846859044724182
5898,8238 0,880727905884892
5899,3512 0,894478297308265
5899,8787 0,907549866693065
5900,4063 0,926306006646532
5900,934 0,934487367534367
5901,4618 0,949344284165017
5901,9897 0,942960616836
5902,5177 0,948257561798152
5903,0458 0,96155103247294
5903,574 0,954294773765167
5904,1023 0,958168364780859
5904,6307 0,948650289670878
5905,1592 0,942062186889018
5905,6877 0,945356094593652
5906,2164 0,946448812012853
5906,7452 0,955437826844508
5907,2741 0,969590638168879
5907,8031 0,958336961247495
5908,3322 0,960856825566411
5908,8614 0,963261273424272
5909,3906 0,965742590443517
5909,92 0,963954114836411
5910,4495 0,972960330552709
5910,9791 0,97121029570901
5911,5088 0,969904309606913
5912,0385 0,964278056353977
5912,5684 0,960822223549674
5913,0984 0,938107170761999
5913,6285 0,92938595708275
5914,1586 0,916870031255378
5914,6889 0,902261116004529
5915,2193 0,915765639426331
5915,7497 0,930905894910644
5916,2803 0,935641285694038
5916,811 0,944472219643033
5917,3417 0,951590702617926
5917,8726 0,945276549979031
5918,4036 0,963601413588004
5918,9346 0,970229074693138
5919,4658 0,966350224887962
5919,9971 0,978318371933032
5920,5284 0,977278488490603
5921,0599 0,981835773374102
5921,5915 0,96674317126034
5922,1231 0,968235516297719
5922,6549 0,963646228615524
5923,1867 0,968414411234035
5923,7187 0,973212359119045
5924,2508 0,97686605102414
5924,7829 0,980540430894473
5925,3152 0,987639249455241
5925,8475 0,987379363770221
5926,38 0,987222007527886
5926,9126 0,983041414786484
5927,4452 0,967565881273612
5927,978 0,948331218046552
5928,5108 0,932210102733896
5929,0438 0,929223106447423
5929,5769 0,918988890386482
5930,11 0,923651265960118
5930,6433 0,933315769923339
5931,1766 0,942486008608179
5931,7101 0,960352350698504
5932,2436 0,964238090720472
5932,7773 0,967695952255453
5933,3111 0,961954530110861
5933,8449 0,942930795669347
5934,3789 0,941233513227164
5934,9129 0,937417163018961
5935,4471 0,958297430651617
5935,9813 0,968204491102607
5936,5157 0,975514968371744
5937,0502 0,97771833662239
5937,5847 0,98604038397302
5938,1194 0,990084488999521
5938,6541 0,982393229163181
5939,189 0,974482344479167
5939,724 0,977089944957349
5940,259 0,961239743837784
5940,7942 0,953819609552904
5941,3294 0,945977952858035
5941,8648 0,934264136681562
5942,4003 0,947483196653886
5942,9358 0,959341758007262
5943,4715 0,982109412941162
5944,0073 0,97220300689544
5944,5431 0,977655579042229
5945,0791 0,976788393595984
5945,6152 0,985828345948822
5946,1513 0,982699913277169
5946,6876 0,966351796340197
5947,224 0,966151740605579
5947,7604 0,938440205613699
5948,297 0,933418579170837
5948,8337 0,937028748670756
5949,3705 0,939096025835485
5949,9073 0,962014556075873
5950,4443 0,96298906264162
5950,9814 0,962595494478878
5951,5186 0,953645554368162
5952,0558 0,934572068439387
5952,5932 0,935513424541195
5953,1307 0,943973162124382
5953,6683 0,955328495172599
5954,2059 0,954677495106235
5954,7437 0,971339926816442
5955,2816 0,959388157633286
5955,8196 0,949461533621779
5956,3577 0,9436314166952
5956,8959 0,941500294153332
5957,4342 0,943067797724268
5957,9725 0,948332676873011
5958,511 0,9646656797216
5959,0496 0,962101271327323
5959,5883 0,970447768280597
5960,1271 0,970433377055098
5960,666 0,981944411580035
5961,205 0,991188028612321
5961,7441 0,973677359592483
5962,2833 0,976295241630122
5962,8226 0,985184507026297
5963,362 0,986447814282196
5963,9015 0,981592042478338
5964,4411 0,964395472306203
5964,9809 0,963048245864915
5965,5207 0,95653255488422
5966,0606 0,956608052749781
5966,6006 0,967201917968559
5967,1407 0,973676283611291
5967,6809 0,964105641951135
5968,2212 0,975616447307732
5968,7617 0,991809150554536
5969,3022 0,970782342449975
5969,8428 0,985297982438987
5970,3835 0,978795788004009
5970,9244 0,994692558674933
5971,4653 1,00277864458329
5972,0063 0,986968607181831
5972,5475 0,99099592880273
5973,0887 0,977155754405152
5973,6301 0,967351124085909
5974,1715 0,962295064280386
5974,713 0,967936141609189
5975,2547 0,94076701448008
5975,7964 0,933696314347765
5976,3383 0,924793381584781
5976,8802 0,925489298092171
5977,4223 0,937792560534061
5977,9645 0,931809600864832
5978,5067 0,948605319053938
5979,0491 0,955736687231798
5979,5916 0,962494458727049
5980,1341 0,97598029298256
5980,6768 0,982435795623258
5981,2196 0,978533142833112
5981,7624 0,969657978846675
5982,3054 0,947317514944648
5982,8485 0,943013312205994
5983,3917 0,9243971937017
5983,935 0,902465691718294
5984,4784 0,89881565621524
5985,0219 0,904240159689794
5985,5654 0,924163853280203
5986,1091 0,92047493670146
5986,6529 0,929981461225558
5987,1968 0,949974209329314
5987,7409 0,948820981376851
5988,285 0,956951971471325
5988,8292 0,97145338445845
5989,3735 0,969367663168144
5989,9179 0,964011136958359
5990,4624 0,974115049394328
5991,0071 0,973905982827611
5991,5518 0,976204694634871
5992,0966 0,967906584756713
5992,6415 0,981953985158771
5993,1866 0,984404862234958
5993,7317 0,981250524047815
5994,277 0,978716002943066
5994,8223 0,963185388080188
5995,3678 0,976627639508902
5995,9133 0,968341390923425
5996,459 0,947072332404987
5997,0047 0,933575216136954
5997,5506 0,945045285720084
5998,0966 0,945393908116379
5998,6426 0,936457103736377
5999,1888 0,956007044415884
5999,7351 0,951536164678962
6000,2815 0,960961664580249
6000,8279 0,958158142214365
6001,3745 0,9489445526976
6001,9212 0,947953727436131
6002,468 0,941473752359242
6003,0149 0,934402869279802
6003,5619 0,93127768958885
6004,109 0,956289967060809
6004,6562 0,956227617281644
6005,2035 0,955031846429731
6005,751 0,94660028402104
6006,2985 0,940134977882826
6006,8461 0,917897740042943
6007,3938 0,901609194432826
6007,9417 0,890884378210551
6008,4896 0,908569135258309
6009,0377 0,933968774898291
6009,5858 0,938664871064386
6010,1341 0,95356687392288
6010,6824 0,967838178546923
6011,2309 0,952389535442956
6011,7794 0,953304824625478
6012,3281 0,929827510646498
6012,8769 0,924487468765145
6013,4257 0,910588814396206
6013,9747 0,937144475780623
6014,5238 0,936292005275769
6015,073 0,932113625146217
6015,6223 0,919437237653152
6016,1717 0,929825733478702
6016,7212 0,932942213697863
6017,2708 0,925603102022571
6017,8205 0,945993572116709
6018,3703 0,946455578936306
6018,9202 0,923347644840535
6019,4703 0,909481399677631
6020,0204 0,897037774281346
6020,5706 0,894638928421673
6021,121 0,873628936440378
6021,6714 0,911134602143986
6022,222 0,912784627820197
6022,7726 0,927209437863552
6023,3234 0,921811054026416
6023,8742 0,923726156332218
6024,4252 0,923770945159483
6024,9763 0,942800988040387
6025,5275 0,940385967139027
6026,0787 0,956012323278737
6026,6301 0,958150923286213
6027,1816 0,960054343559427
6027,7332 0,961718885618334
6028,2849 0,969372888091406
6028,8367 0,957808333761146
6029,3886 0,970310960132306
6029,9407 0,970269199754124
6030,4928 0,956330982130371
6031,045 0,957675820851647
6031,5973 0,979965288287267
6032,1498 0,980070006266725
6032,7023 0,976446926566786
6033,255 0,981160444147458
6033,8077 0,983859257044891
6034,3606 0,991536044975361
6034,9136 0,994023280200871
6035,4666 0,990805861653775
6036,0198 0,984666760740276
6036,5731 0,965503913476827
6037,1265 0,982071744045427
6037,68 0,991726402486088
6038,2336 0,977659593122228
6038,7873 0,988605320011289
6039,3411 0,976130730767353
6039,895 0,963505461229982
6040,449 0,96007095895627
6041,0032 0,943633326599886
6041,5574 0,953312010372934
6042,1118 0,962338654510928
6042,6662 0,963844312664468
6043,2208 0,979040154584172
6043,7754 0,98229839662727
6044,3302 0,969851205756256
6044,885 0,9779776288941
6045,44 0,974373635219646
6045,9951 0,986878562426539
6046,5503 0,98949566114206
6047,1056 0,970847367069687
6047,661 0,995629304679852
6048,2165 0,966312799497844
6048,7721 0,985304383717235
6049,3278 0,97493846615381
6049,8837 0,994144571150858
6050,4396 0,987468350724888
6050,9956 0,989134718909865
6051,5518 0,970099003940473
6052,108 0,984642993271233
6052,6644 0,96155472637357
6053,2209 0,971449810624365
6053,7774 0,956248790816806
6054,3341 0,940549316143454
6054,8909 0,950117941539385
6055,4478 0,935219004172499
6056,0048 0,950310021115502
6056,5619 0,949952430782761
6057,1191 0,955757756891346
6057,6764 0,952166792946858
6058,2339 0,972355547152781
6058,7914 0,962592072961846
6059,349 0,964260531502309
6059,9068 0,979419218899291
6060,4646 0,986673276874524
6061,0226 0,980233481026145
6061,5807 0,968233429991257
6062,1389 0,970210447121622
6062,6971 0,953912048215297
6063,2555 0,941719546979252
6063,814 0,93678324797021
6064,3726 0,916280325504134
6064,9313 0,923908566245446
6065,4902 0,937754075417984
6066,0491 0,92641025217007
6066,6081 0,948249119438321
6067,1673 0,962880798506989
6067,7265 0,975520392927089
6068,2859 0,972642317130035
6068,8453 0,975832064493717
6069,4049 0,964301943785128
6069,9646 0,981891852389955
6070,5244 0,979136680995649
6071,0843 0,978047078332513
6071,6443 0,97309036907432
6072,2044 0,962334554072783
6072,7646 0,982565651537165
6073,3249 0,982761154703563
6073,8853 0,981797203774766
6074,4459 0,977364137579504
6075,0065 0,975542576097482
6075,5673 0,953593625639645
6076,1282 0,962054569643536
6076,6891 0,947144124151376
6077,2502 0,933083813120915
6077,8114 0,936101268597593
6078,3727 0,926403515482633
6078,9341 0,917234939054569
6079,4956 0,935842490207091
6080,0572 0,931839730403145
6080,6189 0,923285891023138
6081,1808 0,913788542427123
6081,7427 0,947575292771951
6082,3048 0,934608760958218
6082,8669 0,946772354413014
6083,4292 0,928001711175541
6083,9916 0,935301777804705
6084,5541 0,928790336240138
6085,1167 0,933574215640132
6085,6794 0,918900474359066
6086,2422 0,920752845686408
6086,8051 0,946544634653968
6087,3681 0,929567101514492
6087,9313 0,957301393183992
6088,4945 0,95106945326944
6089,0579 0,914258024582767
6089,6213 0,93007632793951
6090,1849 0,920930790974631
6090,7486 0,934822576890858
6091,3124 0,924784684051289
6091,8763 0,918432514924532
6092,4403 0,925403295068407
6093,0044 0,934457344713072
6093,5686 0,951571060704191
6094,133 0,958815133326932
6094,6974 0,943974462775971
6095,262 0,923987646813732
6095,8266 0,943621712639292
6096,3914 0,956065919521206
6096,9563 0,935540428321506
6097,5213 0,94053319209679
6098,0864 0,936033972577466
6098,6516 0,930461435482237
6099,2169 0,955592968616814
6099,7823 0,943829058020945
6100,3478 0,960726556087539
6100,9135 0,905855262106842
6101,4792 0,871258414365522
6102,0451 0,863013289713764
6102,6111 0,86294663288653
6103,1772 0,877665894323437
6103,7434 0,872742722198022
6104,3097 0,917686232645158
6104,8761 0,920915555314086
6105,4426 0,958327697080252
6106,0092 0,939139939190306
6106,576 0,937980467502393
6107,1428 0,94462787631546
6107,7098 0,938484828158685
6108,2769 0,947030875236202
6108,844 0,958834132595584
6109,4113 0,947720536126877
6109,9787 0,944359206664556
6110,5462 0,94130962452336
6111,1139 0,939727672026687
6111,6816 0,942723847570881
6112,2494 0,945739453229596
6112,8174 0,941354607065625
6113,3854 0,959894892133931
6113,9536 0,984218280250243
6114,5219 0,960401560379752
6115,0903 0,968559618818971
6115,6588 0,961440863267749
6116,2274 0,969881979951257
6116,7961 0,95565321506874
6117,3649 0,970121338830997
6117,9339 0,949613705306351
6118,5029 0,944924481952307
6119,0721 0,969065609172042
6119,6414 0,931028663798001
6120,2108 0,925825225307419
6120,7803 0,89226463562114
6121,3499 0,884703212788204
6121,9196 0,873727149138284
6122,4894 0,864774899468734
6123,0594 0,899888644071461
6123,6294 0,913123491393427
6124,1996 0,929697895826848
6124,7698 0,965365056487979
6125,3402 0,961714546744502
6125,9107 0,971140410519736
6126,4813 0,98022691007631
6127,052 0,956164442983415
6127,6229 0,946349777663362
6128,1938 0,965868911028772
6128,7648 0,964092048660827
6129,336 0,940274135332235
6129,9073 0,937500097919576
6130,4787 0,965607144548723
6131,0502 0,981523277254497
6131,6218 0,975219981697713
6132,1935 0,975840977332022
6132,7653 1,0020712380801
6133,3372 0,977829801946596
6133,9093 0,985142070865719
6134,4815 0,957724032385986
6135,0537 0,917508514880201
6135,6261 0,905151450010394
6136,1986 0,877640788707554
6136,7712 0,858519085777392
6137,3439 0,874580853975892
6137,9168 0,902671598184533
6138,4897 0,939516069918673
6139,0628 0,945265117689944
6139,6359 0,976374420561933
6140,2092 0,933515976771946
6140,7826 0,95962420814848
6141,3561 0,95850257501152
6141,9297 0,950654023680888
6142,5035 0,947351398747923
6143,0773 0,974512080635234
6143,6512 0,968056007666595
6144,2253 0,962073735491815
6144,7995 0,965420961602338
6145,3738 0,956200962167014
6145,9482 0,977255380855568
6146,5227 0,982391238924602
6147,0973 0,985084532871152
6147,672 0,963816359982174
6148,2469 0,957311881878985
6148,8218 0,950014524305036
6149,3969 0,963678403471862
6149,9721 0,959286454322029
6150,5474 0,941663394803998
6151,1228 0,946467559024559
6151,6983 0,970975532782683
6152,274 0,959853588539047
6152,8497 0,954460010608622
6153,4256 0,959251111899556
6154,0016 0,952293089396767
6154,5776 0,904129314269512
6155,1538 0,940104798353345
6155,7302 0,903334185296327
6156,3066 0,925102131438093
6156,8831 0,928748077605581
6157,4598 0,927482614448757
6158,0365 0,950336334251938
6158,6134 0,946946156123001
6159,1904 0,910352142312138
6159,7675 0,902347528949094
6160,3447 0,892919062444434
6160,9221 0,862948273478973
6161,4995 0,850257765357942
6162,0771 0,834690247153791
6162,6547 0,862257249946608
6163,2325 0,887090286318339
6163,8104 0,913949302216574
6164,3884 0,955948811700998
6164,9665 0,971364905854499
6165,5448 1,03300215642095
6166,1231 1,05331772660325
6166,7016 1,13090238482758
6167,2802 1,17462256022383
6167,8589 1,20843127625155
6168,4377 1,29914080950291
6169,0166 1,37252436443697
6169,5956 1,45347139915048
6170,1748 1,55073750754087
6170,754 1,90500124998567
6171,3334 0,701623291917741
6171,9129 0,715556979528526
6172,4925 0,741217887496636
6173,0722 0,743310264291227
6173,652 0,771657312011954
6174,232 0,770324576202832
6174,812 0,793717910657555
6175,3922 0,8045343801687
6175,9725 0,818339598883938
6176,5529 0,81224366327056
6177,1334 0,861580987445738
6177,714 0,864277736258711
6178,2948 0,882193322628698
6178,8756 0,906574144559726
6179,4566 0,927148571336027
6180,0377 0,961241049993808
6180,6189 0,826524543115378
6181,2002 1,02173719738197
