5182.912	1315
5183.2993	1303
5183.6866	1284
5184.074	1289
5184.4615	1303
5184.8491	1311
5185.2368	1293
5185.6246	1294
5186.0125	1290
5186.4004	1320
5186.7885	1311
5187.1766	1293
5187.5649	1300
5187.9532	1312
5188.3416	5590
5188.7301	6727
5189.1187	7971
5189.5074	8540
5189.8962	8536
5190.2851	8588
5190.674	8341
5191.0631	8088
5191.4522	7669
5191.8414	7494
5192.2308	7432
5192.6202	7635
5193.0097	7963
5193.3993	8134
5193.789	8421
5194.1787	8684
5194.5686	8604
5194.9586	8502
5195.3486	8404
5195.7387	8699
5196.129	8698
5196.5193	8999
5196.9097	9176
5197.3002	9270
5197.6908	9582
5198.0814	9500
5198.4722	9671
5198.8631	9963
5199.254	10005
5199.6451	10032
5200.0362	10201
5200.4274	10172
5200.8187	9737
5201.2101	9499
5201.6016	9434
5201.9932	9790
5202.3849	9891
5202.7766	9837
5203.1685	9662
5203.5604	9491
5203.9524	9291
5204.3446	8972
5204.7368	8528
5205.1291	8365
5205.5215	8473
5205.9139	8614
5206.3065	8671
5206.6992	8722
5207.0919	8692
5207.4848	8505
5207.8777	8638
5208.2707	8641
5208.6638	8686
5209.057	8923
5209.4503	9183
5209.8437	9602
5210.2372	10101
5210.6307	10533
5211.0244	10736
5211.4181	11196
5211.8119	11439
5212.2058	11577
5212.5999	11608
5212.994	11887
5213.3881	11633
5213.7824	11549
5214.1768	11351
5214.5712	10940
5214.9658	10788
5215.3604	10542
5215.7551	10473
5216.15	10695
5216.5449	10612
5216.9399	11151
5217.3349	11162
5217.7301	11481
5218.1254	11885
5218.5207	12059
5218.9162	12216
5219.3117	12520
5219.7073	12560
5220.103	12815
5220.4988	12660
5220.8947	12885
5221.2907	12863
5221.6868	12594
5222.0829	12732
5222.4792	12600
5222.8755	12444
5223.272	12214
5223.6685	12020
5224.0651	11438
5224.4618	11252
5224.8586	10917
5225.2554	10484
5225.6524	10004
5226.0494	9890
5226.4466	9813
5226.8438	10028
5227.2411	10475
5227.6385	10851
5228.036	11611
5228.4336	12107
5228.8313	12373
5229.2291	12541
5229.6269	12946
5230.0249	13039
5230.4229	13152
5230.821	13159
5231.2192	12969
5231.6175	12706
5232.0159	12231
5232.4144	12012
5232.813	11970
5233.2116	12075
5233.6104	12199
5234.0092	12675
5234.4081	13047
5234.8072	13379
5235.2063	13760
5235.6054	13758
5236.0047	14160
5236.4041	14424
5236.8036	14823
5237.2031	14674
5237.6027	14884
5238.0025	14855
5238.4023	14986
5238.8022	15014
5239.2022	15270
5239.6023	15065
5240.0024	15214
5240.4027	15262
5240.803	15320
5241.2035	15115
5241.604	15110
5242.0046	15101
5242.4053	14771
5242.8061	14793
5243.207	15339
5243.608	15397
5244.009	15923
5244.4102	16074
5244.8114	16116
5245.2127	16039
5245.6141	15690
5246.0156	15327
5246.4172	14992
5246.8189	14666
5247.2207	14700
5247.6225	15085
5248.0245	14742
5248.4265	15197
5248.8286	15290
5249.2308	15143
5249.6331	15002
5250.0355	14896
5250.438	14931
5250.8406	15120
5251.2432	15493
5251.646	15601
5252.0488	15835
5252.4517	16031
5252.8547	16010
5253.2578	15894
5253.661	15742
5254.0643	15396
5254.4677	15397
5254.8711	15671
5255.2747	15796
5255.6783	16412
5256.082	16709
5256.4858	17221
5256.8897	17663
5257.2937	17951
5257.6977	18191
5258.1019	18326
5258.5062	18161
5258.9105	18136
5259.3149	18069
5259.7194	17601
5260.124	17160
5260.5287	16718
5260.9335	16038
5261.3384	15705
5261.7433	15273
5262.1483	14541
5262.5535	14436
5262.9587	13996
5263.364	14032
5263.7694	13655
5264.1749	13693
5264.5805	13327
5264.9861	13068
5265.3919	13173
5265.7977	13239
5266.2036	13813
5266.6096	14546
5267.0157	15233
5267.4219	15176
5267.8282	14905
5268.2346	14149
5268.641	13203
5269.0476	12523
5269.4542	12411
5269.8609	12727
5270.2677	13732
5270.6746	14835
5271.0816	15768
5271.4887	16762
5271.8958	16889
5272.3031	17389
5272.7104	17436
5273.1178	17567
5273.5253	17487
5273.9329	17482
5274.3406	17086
5274.7484	16991
5275.1562	17340
5275.5642	17919
5275.9722	18401
5276.3804	18952
5276.7886	20063
5277.1969	20629
5277.6053	20736
5278.0137	20824
5278.4223	20857
5278.831	20640
5279.2397	20505
5279.6485	20075
5280.0574	19274
5280.4664	18914
5280.8755	18714
5281.2847	18677
5281.694	18060
5282.1033	18128
5282.5128	17983
5282.9223	17924
5283.3319	18070
5283.7416	18699
5284.1514	19216
5284.5613	19989
5284.9713	21079
5285.3814	21881
5285.7915	22282
5286.2017	22233
5286.6121	22629
5287.0225	22630
5287.433	22269
5287.8435	22457
5288.2542	22476
5288.665	22838
5289.0758	23011
5289.4868	22954
5289.8978	23363
5290.3089	23873
5290.7201	23904
5291.1314	23524
5291.5427	23312
5291.9542	23232
5292.3658	23400
5292.7774	23036
5293.1891	22907
5293.6009	23366
5294.0128	23078
5294.4248	22818
5294.8369	22456
5295.249	22025
5295.6613	21457
5296.0736	20359
5296.4861	19273
5296.8986	18823
5297.3112	18791
5297.7239	18995
5298.1366	19624
5298.5495	20336
5298.9624	21275
5299.3755	21725
5299.7886	21291
5300.2018	20895
5300.6151	20413
5301.0285	19628
5301.442	19969
5301.8555	20830
5302.2692	22643
5302.6829	23716
5303.0967	24587
5303.5106	25001
5303.9246	25747
5304.3387	25637
5304.7529	25951
5305.1672	25905
5305.5815	25504
5305.9959	25675
5306.4105	24977
5306.8251	25215
5307.2398	24915
5307.6546	25688
5308.0694	26017
5308.4844	26346
5308.8994	26896
5309.3146	27046
5309.7298	27359
5310.1451	27129
5310.5605	27282
5310.976	27347
5311.3915	27193
5311.8072	27041
5312.2229	26868
5312.6388	26924
5313.0547	26835
5313.4707	26492
5313.8868	26712
5314.303	26800
5314.7192	26761
5315.1356	26205
5315.552	25890
5315.9686	26124
5316.3852	26191
5316.8019	26161
5317.2187	26556
5317.6355	26692
5318.0525	26942
5318.4696	26686
5318.8867	27284
5319.3039	27245
5319.7212	26960
5320.1386	27097
5320.5561	26886
5320.9737	26754
5321.3913	26791
5321.8091	26461
5322.2269	26084
5322.6449	25354
5323.0629	24669
5323.481	24082
5323.8991	23980
5324.3174	24324
5324.7358	24846
5325.1542	25188
5325.5727	25495
5325.9914	25015
5326.4101	23441
5326.8289	21904
5327.2477	20599
5327.6667	19837
5328.0858	19806
5328.5049	20709
5328.9241	22447
5329.3434	24312
5329.7628	25968
5330.1823	27326
5330.6019	28457
5331.0216	28883
5331.4413	28614
5331.8611	28726
5332.2811	28427
5332.7011	28722
5333.1212	28882
5333.5414	30065
5333.9616	30371
5334.382	30875
5334.8024	30908
5335.223	31262
5335.6436	31130
5336.0643	30701
5336.4851	30995
5336.906	30773
5337.3269	30690
5337.748	30515
5338.1691	29950
5338.5903	28844
5339.0116	27500
5339.433	26781
5339.8545	26338
5340.2761	26204
5340.6978	26760
5341.1195	28218
5341.5413	29205
5341.9633	30241
5342.3853	30794
5342.8074	31502
5343.2295	31477
5343.6518	31294
5344.0742	30959
5344.4966	31213
5344.9191	30657
5345.3417	30455
5345.7644	30473
5346.1872	30839
5346.6101	30872
5347.0331	30873
5347.4561	30266
5347.8793	29863
5348.3025	29513
5348.7258	29990
5349.1492	30168
5349.5727	31174
5349.9962	31845
5350.4199	33081
5350.8436	33451
5351.2674	34105
5351.6914	33985
5352.1154	33814
5352.5395	33437
5352.9636	33635
5353.3879	33772
5353.8122	34778
5354.2367	35117
5354.6612	35870
5355.0858	35963
5355.5105	36382
5355.9353	36887
5356.3601	36874
5356.7851	36509
5357.2101	36839
5357.6353	36579
5358.0605	36940
5358.4858	36732
5358.9112	36923
5359.3366	36750
5359.7622	36319
5360.1878	36372
5360.6136	36095
5361.0394	35573
5361.4653	35379
5361.8913	34995
5362.3174	35000
5362.7435	35085
5363.1698	34444
5363.5961	33939
5364.0226	33808
5364.4491	33642
5364.8757	33195
5365.3024	34037
5365.7291	33455
5366.156	33973
5366.5829	34096
5367.01	34281
5367.4371	33767
5367.8643	33971
5368.2916	33268
5368.719	32609
5369.1464	31385
5369.574	30550
5370.0016	28852
5370.4293	28614
5370.8572	28839
5371.285	29915
5371.713	31307
5372.1411	33400
5372.5693	34641
5372.9975	36429
5373.4258	37050
5373.8542	37869
5374.2827	38388
5374.7113	38791
5375.14	39232
5375.5688	38985
5375.9976	38745
5376.4266	38100
5376.8556	38102
5377.2847	38071
5377.7139	38542
5378.1432	38701
5378.5725	38994
5379.002	38964
5379.4315	38969
5379.8611	39058
5380.2908	39199
5380.7206	38791
5381.1505	38379
5381.5805	37612
5382.0106	37124
5382.4407	36328
5382.8709	36760
5383.3013	36966
5383.7317	38113
5384.1621	38594
5384.5927	39569
5385.0234	40404
5385.4541	39966
5385.885	40293
5386.3159	39951
5386.7469	39841
5387.178	40073
5387.6092	39507
5388.0404	39259
5388.4718	38315
5388.9032	38515
5389.3348	37859
5389.7664	37538
5390.1981	37702
5390.6299	37677
5391.0617	37212
5391.4937	37041
5391.9257	36609
5392.3579	36917
5392.7901	36650
5393.2224	37238
5393.6548	36637
5394.0872	37466
5394.5198	37884
5394.9525	38272
5395.3852	37650
5395.818	36258
5396.2509	34930
5396.6839	34616
5397.117	34697
5397.5502	35867
5397.9834	37187
5398.4167	38448
5398.8502	39355
5399.2837	39386
5399.7173	39808
5400.151	39543
5400.5847	40128
5401.0186	41031
5401.4525	41392
5401.8866	41584
5402.3207	40730
5402.7549	39555
5403.1892	37686
5403.6235	35984
5404.058	34519
5404.4926	33213
5404.9272	32829
5405.3619	33336
5405.7967	34529
5406.2316	36322
5406.6666	37748
5407.1016	39603
5407.5368	40562
5407.972	40129
5408.4074	39956
5408.8428	38934
5409.2783	37817
5409.7138	37706
5410.1495	37918
5410.5853	39649
5411.0211	40716
5411.457	42468
5411.8931	43246
5412.3292	44200
5412.7653	44201
5413.2016	44364
5413.638	43430
5414.0744	42912
5414.5109	42607
5414.9476	42833
5415.3843	42233
5415.8211	44484
5416.2579	45784
5416.6949	46967
5417.1319	47007
5417.5691	46867
5418.0063	47368
5418.4436	46772
5418.881	45485
5419.3185	45362
5419.756	45100
5420.1937	44921
5420.6314	45070
5421.0693	45893
5421.5072	46346
5421.9452	46152
5422.3833	45408
5422.8214	43559
5423.2597	42723
5423.698	42129
5424.1365	42410
5424.575	43520
5425.0136	44926
5425.4523	47108
5425.891	48374
5426.3299	49006
5426.7688	49320
5427.2079	49217
5427.647	47052
5428.0862	44789
5428.5255	42597
5428.9649	40836
5429.4043	40411
5429.8439	41424
5430.2835	42650
5430.7232	44361
5431.163	45482
5431.6029	45470
5432.0429	44812
5432.483	44136
5432.9231	42791
5433.3634	41762
5433.8037	41829
5434.2441	41994
5434.6846	42313
5435.1252	43115
5435.5659	44270
5436.0066	45262
5436.4475	46932
5436.8884	47295
5437.3294	49147
5437.7705	50146
5438.2117	50746
5438.653	51589
5439.0943	52048
5439.5358	52140
5439.9773	52072
5440.4189	52231
5440.8606	52250
5441.3024	52172
5441.7443	52417
5442.1863	52429
5442.6283	52326
5443.0705	51996
5443.5127	50801
5443.955	49840
5444.3974	48170
5444.8399	46106
5445.2824	44148
5445.7251	42654
5446.1678	41986
5446.6107	42400
5447.0536	43845
5447.4966	45912
5447.9397	48724
5448.3828	50905
5448.8261	52424
5449.2694	53646
5449.7129	53620
5450.1564	54107
5450.6	53845
5451.0437	53564
5451.4875	53300
5451.9313	53435
5452.3753	53172
5452.8193	52419
5453.2634	51447
5453.7076	50028
5454.1519	47319
5454.5963	45861
5455.0408	44842
5455.4853	45081
5455.93	46424
5456.3747	48990
5456.8195	52045
5457.2644	53915
5457.7094	54730
5458.1545	55809
5458.5996	55952
5459.0449	55295
5459.4902	55275
5459.9356	54609
5460.3811	54104
5460.8267	52605
5461.2724	51304
5461.7181	50223
5462.164	48990
5462.6099	48434
5463.0559	48807
5463.502	49996
5463.9482	50958
5464.3945	52933
5464.8409	53602
5465.2873	53970
5465.7338	53432
5466.1805	53740
5466.6272	54169
5467.074	54768
5467.5209	55126
5467.9678	56372
5468.4149	56129
5468.862	56222
5469.3093	55258
5469.7566	54259
5470.204	54386
5470.6515	54509
5471.099	55004
5471.5467	55104
5471.9944	54831
5472.4423	54433
5472.8902	53634
5473.3382	53525
5473.7863	53733
5474.2345	54022
5474.6827	53276
5475.1311	51617
5475.5795	49255
5476.028	47990
5476.4766	47025
5476.9253	48127
5477.3741	49989
5477.823	52834
5478.2719	54723
5478.721	56305
5479.1701	56104
5479.6193	55112
5480.0686	53938
5480.518	52825
5480.9675	51900
5481.4171	51942
5481.8667	52488
5482.3164	53717
5482.7663	55268
5483.2162	57050
5483.6662	57894
5484.1162	59064
5484.5664	59921
5485.0166	59759
5485.467	59670
5485.9174	59317
5486.3679	57120
5486.8185	56098
5487.2692	55065
5487.72	55206
5488.1708	55842
5488.6218	56602
5489.0728	57603
5489.5239	58333
5489.9751	58747
5490.4264	59185
5490.8778	59702
5491.3292	60386
5491.7808	60079
5492.2324	60040
5492.6841	58852
5493.136	58599
5493.5879	58399
5494.0398	58736
5494.4919	59094
5494.9441	59653
5495.3963	59734
5495.8486	58714
5496.301	57704
5496.7535	57222
5497.2061	56644
5497.6588	57375
5498.1116	58419
5498.5644	60081
5499.0173	61322
5499.4703	61561
5499.9235	60793
5500.3766	59897
5500.8299	58490
5501.2833	58014
5501.7367	57092
5502.1903	57430
5502.6439	57932
5503.0976	58752
5503.5514	59439
5504.0053	59434
5504.4593	59645
5504.9133	58437
5505.3675	57471
5505.8217	56947
5506.276	56152
5506.7304	56876
5507.1849	57978
5507.6395	60265
5508.0942	61447
5508.5489	61869
5509.0037	62215
5509.4587	61974
5509.9137	61494
5510.3688	60992
5510.824	59619
5511.2792	57736
5511.7346	56757
5512.19	56062
5512.6456	55471
5513.1012	55738
5513.5569	57147
5514.0127	58016
5514.4686	59056
5514.9245	60016
5515.3806	60358
5515.8367	60806
5516.2929	61268
5516.7492	62072
5517.2056	62957
5517.6621	63620
5518.1187	64610
5518.5754	64850
5519.0321	65377
5519.4889	65351
5519.9459	64990
5520.4029	65247
5520.8599	64507
5521.3171	64457
5521.7744	64608
5522.2317	64323
5522.6892	65116
5523.1467	65144
5523.6043	64809
5524.062	65199
5524.5198	64095
5524.9777	64082
5525.4356	63198
5525.8937	62636
5526.3518	61103
5526.81	59547
5527.2683	57451
5527.7267	55850
5528.1852	55787
5528.6438	56108
5529.1024	59185
5529.5612	61803
5530.02	63910
5530.4789	65504
5530.9379	64997
5531.397	65029
5531.8562	64927
5532.3155	64945
5532.7748	64836
5533.2342	64292
5533.6938	64565
5534.1534	63711
5534.6131	63506
5535.0729	63176
5535.5327	63203
5535.9927	64811
5536.4527	64791
5536.9129	64600
5537.3731	64436
5537.8334	63799
5538.2938	64225
5538.7543	64810
5539.2148	64849
5539.6755	66538
5540.1362	67149
5540.597	67488
5541.058	67109
5541.519	67076
5541.9801	65963
5542.4412	64548
5542.9025	64314
5543.3638	63715
5543.8253	64033
5544.2868	65440
5544.7484	65756
5545.2101	66192
5545.6719	65956
5546.1338	65594
5546.5957	66001
5547.0578	66415
5547.5199	68074
5547.9821	68661
5548.4444	68787
5548.9068	68512
5549.3693	69539
5549.8319	69667
5550.2945	68953
5550.7573	68740
5551.2201	69448
5551.683	68584
5552.146	67895
5552.6091	67174
5553.0723	66613
5553.5356	65476
5553.9989	64596
5554.4624	65055
5554.9259	65539
5555.3895	67017
5555.8532	66566
5556.317	67626
5556.7809	67490
5557.2449	67373
5557.7089	67823
5558.173	67268
5558.6373	68147
5559.1016	67834
5559.566	67977
5560.0305	67903
5560.495	67585
5560.9597	67131
5561.4245	66516
5561.8893	65571
5562.3542	64743
5562.8192	64560
5563.2843	64774
5563.7495	64860
5564.2148	65094
5564.6802	64496
5565.1456	64201
5565.6111	64353
5566.0768	64227
5566.5425	64498
5567.0083	65120
5567.4742	65088
5567.9401	64521
5568.4062	63569
5568.8723	63368
5569.3386	63282
5569.8049	63590
5570.2713	65192
5570.7378	65483
5571.2044	64739
5571.6711	63084
5572.1378	61942
5572.6047	61224
5573.0716	61780
5573.5386	63215
5574.0058	65503
5574.4729	66376
5574.9402	66825
5575.4076	66379
5575.8751	66586
5576.3426	66818
5576.8103	67449
5577.278	68291
5577.7458	69303
5578.2137	69488
5578.6817	69130
5579.1497	69061
5579.6179	69288
5580.0862	69210
5580.5545	68438
5581.0229	67703
5581.4914	67158
5581.96	66846
5582.4287	67557
5582.8975	67601
5583.3664	68185
5583.8353	68279
5584.3043	67556
5584.7735	65967
5585.2427	63389
5585.712	60514
5586.1814	58377
5586.6509	56297
5587.1204	54957
5587.5901	55221
5588.0598	55659
5588.5296	56079
5588.9996	57573
5589.4696	59370
5589.9397	61689
5590.4098	63488
5590.8801	64858
5591.3505	65646
5591.8209	66153
5592.2914	65824
5592.7621	64903
5593.2328	63585
5593.7036	62355
5594.1744	62753
5594.6454	63919
5595.1165	65398
5595.5876	67852
5596.0588	69010
5596.5302	69521
5597.0016	67975
5597.4731	65623
5597.9447	64685
5598.4163	64258
5598.8881	64257
5599.3599	64052
5599.8319	64255
5600.3039	64117
5600.776	62811
5601.2482	62230
5601.7205	60622
5602.1929	60656
5602.6654	61758
5603.1379	63032
5603.6106	65884
5604.0833	68417
5604.5561	70363
5605.029	72168
5605.502	72873
5605.9751	72855
5606.4483	72742
5606.9215	72655
5607.3949	72508
5607.8683	72303
5608.3418	72486
5608.8154	72263
5609.2891	71639
5609.7629	71624
5610.2368	72668
5610.7108	72756
5611.1848	72749
5611.659	72948
5612.1332	72478
5612.6075	72295
5613.0819	70463
5613.5564	68410
5614.031	63806
5614.5057	59938
5614.9804	57432
5615.4553	57219
5615.9302	57972
5616.4053	61018
5616.8804	64518
5617.3556	66290
5617.8309	67781
5618.3062	67753
5618.7817	67652
5619.2573	67604
5619.7329	68018
5620.2086	69202
5620.6845	69870
5621.1604	70257
5621.6364	70689
5622.1124	70683
5622.5886	69588
5623.0649	66673
5623.5412	64966
5624.0177	62881
5624.4942	62055
5624.9708	62715
5625.4475	63863
5625.9243	65998
5626.4012	67672
5626.8782	68562
5627.3552	69576
5627.8324	69368
5628.3096	69804
5628.787	70201
5629.2644	71655
5629.7419	71717
5630.2195	72110
5630.6971	72926
5631.1749	72131
5631.6528	72411
5632.1307	71645
5632.6088	70476
5633.0869	70265
5633.5651	69375
5634.0434	68953
5634.5218	68709
5635.0003	68053
5635.4788	67879
5635.9575	67503
5636.4362	66560
5636.9151	65776
5637.394	64974
5637.873	66893
5638.3521	67237
5638.8313	67839
5639.3106	68634
5639.79	68336
5640.2694	67693
5640.749	66906
5641.2286	66591
5641.7083	66354
5642.1881	66609
5642.668	67105
5643.148	67589
5643.6281	67793
5644.1083	67699
5644.5885	67822
5645.0689	68786
5645.5493	68929
5646.0298	69961
5646.5105	69279
5646.9912	70035
5647.472	69923
5647.9528	69773
5648.4338	68679
5648.9149	67749
5649.396	66734
5649.8773	67406
5650.3586	67196
5650.84	68133
5651.3215	69147
5651.8031	69141
5652.2848	69279
5652.7666	68660
5653.2484	68076
5653.7304	66546
5654.2124	65073
5654.6945	64608
5655.1768	65494
5655.6591	65956
5656.1415	66229
5656.624	65701
5657.1065	63998
5657.5892	61430
5658.072	59840
5658.5548	59120
5659.0377	60129
5659.5208	62227
5660.0039	63734
5660.4871	65564
5660.9704	65409
5661.4538	63779
5661.9372	62375
5662.4208	62452
5662.9044	63576
5663.3882	64351
5663.872	66137
5664.3559	67869
5664.8399	68087
5665.324	68509
5665.8082	67765
5666.2925	67416
5666.7769	67198
5667.2613	66202
5667.7459	66957
5668.2305	66946
5668.7152	67398
5669.2001	67518
5669.685	67711
5670.17	67752
5670.655	67823
5671.1402	67764
5671.6255	68273
5672.1108	68872
5672.5963	69182
5673.0818	70035
5673.5674	69525
5674.0531	68330
5674.5389	68018
5675.0248	68069
5675.5108	67451
5675.9969	67818
5676.4831	68952
5676.9693	68839
5677.4556	68301
5677.9421	68159
5678.4286	67510
5678.9152	66654
5679.4019	66789
5679.8887	66630
5680.3756	66757
5680.8626	65958
5681.3496	64088
5681.8368	63580
5682.324	62571
5682.8113	62465
5683.2988	62606
5683.7863	63532
5684.2739	64248
5684.7616	65207
5685.2494	64746
5685.7372	63840
5686.2252	62681
5686.7132	62154
5687.2014	61368
5687.6896	60909
5688.1779	61278
5688.6664	62055
5689.1549	63177
5689.6435	63967
5690.1321	64986
5690.6209	65115
5691.1098	65288
5691.5987	66284
5692.0878	66190
5692.5769	66346
5693.0661	66057
5693.5555	64987
5694.0449	65353
5694.5344	64474
5695.024	65165
5695.5136	65177
5696.0034	65896
5696.4933	66085
5696.9832	65095
5697.4733	63868
5697.9634	63260
5698.4536	62848
5698.9439	62835
5699.4343	62802
5699.9248	62625
5700.4154	62039
5700.9061	61304
5701.3968	60782
5701.8877	60850
5702.3786	61302
5702.8697	61999
5703.3608	63433
5703.852	62835
5704.3433	62489
5704.8347	61972
5705.3262	60808
5705.8178	60043
5706.3095	59166
5706.8012	58700
5707.2931	58740
5707.785	57607
5708.2771	56667
5708.7692	56488
5709.2614	55942
5709.7537	55875
5710.2461	56143
5710.7386	56144
5711.2312	56181
5711.7239	56892
5712.2166	58119
5712.7095	59713
5713.2024	61478
5713.6955	62003
5714.1886	62785
5714.6818	62227
5715.1751	62479
5715.6685	62538
5716.162	62086
5716.6556	61621
5717.1493	61928
5717.643	62115
5718.1369	62303
5718.6308	62373
5719.1249	62750
5719.619	62602
5720.1132	63194
5720.6075	63529
5721.1019	63573
5721.5964	63520
5722.091	63834
5722.5857	63676
5723.0804	64237
5723.5753	63577
5724.0702	64118
5724.5653	63135
5725.0604	63332
5725.5556	62186
5726.051	60894
5726.5464	60330
5727.0419	60800
5727.5374	60600
5728.0331	61270
5728.5289	62267
5729.0248	62541
5729.5207	62179
5730.0168	61906
5730.5129	60754
5731.0091	60061
5731.5055	59791
5732.0019	59885
5732.4984	60746
5732.995	61075
5733.4917	61818
5733.9884	62559
5734.4853	62283
5734.9823	62081
5735.4793	61864
5735.9765	61701
5736.4737	61078
5736.971	60577
5737.4685	60808
5737.966	60608
5738.4636	60661
5738.9613	60815
5739.4591	60646
5739.957	60690
5740.4549	60252
5740.953	60391
5741.4512	60156
5741.9494	59721
5742.4477	59673
5742.9462	59946
5743.4447	59832
5743.9433	60528
5744.442	60687
5744.9408	61436
5745.4397	61237
5745.9387	60237
5746.4378	59343
5746.9369	58345
5747.4362	57400
5747.9356	57190
5748.435	57895
5748.9345	57857
5749.4342	59166
5749.9339	59688
5750.4337	59614
5750.9336	58815
5751.4336	57534
5751.9337	55773
5752.4339	54853
5752.9342	53360
5753.4345	53041
5753.935	53317
5754.4355	54438
5754.9362	55572
5755.4369	56920
5755.9378	57750
5756.4387	58028
5756.9397	58528
5757.4408	58047
5757.942	57670
5758.4433	58195
5758.9447	57236
5759.4462	56721
5759.9477	55889
5760.4494	54934
5760.9511	54802
5761.453	52829
5761.9549	52430
5762.457	52402
5762.9591	52678
5763.4613	53830
5763.9636	55129
5764.466	56441
5764.9685	57351
5765.4711	57152
5765.9738	56913
5766.4766	57295
5766.9794	57357
5767.4824	57212
5767.9854	57272
5768.4886	56979
5768.9918	56582
5769.4952	57011
5769.9986	56393
5770.5021	55424
5771.0057	55287
5771.5094	54255
5772.0132	54659
5772.5171	54504
5773.0211	54289
5773.5252	54207
5774.0293	53917
5774.5336	53719
5775.038	53783
5775.5424	53975
5776.0469	54836
5776.5516	54913
5777.0563	55183
5777.5611	55160
5778.066	54684
5778.5711	54303
5779.0762	52993
5779.5813	51842
5780.0866	50279
5780.592	48941
5781.0975	48242
5781.6031	48436
5782.1087	48459
5782.6145	48809
5783.1203	48516
5783.6263	47971
5784.1323	47395
5784.6384	47384
5785.1446	46907
5785.651	47739
5786.1574	48918
5786.6639	49716
5787.1705	50651
5787.6772	51343
5788.1839	51292
5788.6908	51174
5789.1978	51345
5789.7049	50840
5790.212	49860
5790.7193	49570
5791.2266	49740
5791.734	49727
5792.2416	50483
5792.7492	50684
5793.2569	50891
5793.7647	51179
5794.2726	51874
5794.7806	52092
5795.2887	52135
5795.7969	51713
5796.3052	50958
5796.8136	50530
5797.3221	49634
5797.8306	49898
5798.3393	49951
5798.848	50590
5799.3569	50846
5799.8658	50948
5800.3749	51717
5800.884	51794
5801.3932	51431
5801.9025	51747
5802.412	51223
5802.9215	50437
5803.4311	49421
5803.9408	49238
5804.4505	48271
5804.9604	47861
5805.4704	47956
5805.9805	47933
5806.4906	48202
5807.0009	48705
5807.5113	48170
5808.0217	48474
5808.5323	48558
5809.0429	48483
5809.5536	48710
5810.0645	48898
5810.5754	49458
5811.0864	49728
5811.5975	48997
5812.1087	49420
5812.62	48875
5813.1314	48767
5813.6429	48508
5814.1545	47756
5814.6662	47229
5815.1779	46071
5815.6898	45679
5816.2018	45261
5816.7138	45773
5817.226	46332
5817.7382	47473
5818.2506	47753
5818.763	48062
5819.2755	48520
5819.7882	48311
5820.3009	48192
5820.8137	47955
5821.3266	47734
5821.8396	47673
5822.3527	46956
5822.8659	47045
5823.3792	46945
5823.8926	47105
5824.4061	46761
5824.9196	47073
5825.4333	46804
5825.9471	46911
5826.4609	46481
5826.9749	46354
5827.489	46162
5828.0031	46303
5828.5173	45988
5829.0317	46105
5829.5461	45986
5830.0606	45700
5830.5753	45599
5831.09	45613
5831.6048	45367
5832.1197	45533
5832.6347	45094
5833.1498	44851
5833.665	44659
5834.1803	44527
5834.6957	44517
5835.2112	44051
5835.7268	44404
5836.2424	44491
5836.7582	44261
5837.2741	44141
5837.79	43731
5838.3061	43624
5838.8222	43317
5839.3385	43987
5839.8548	44077
5840.3713	44265
5840.8878	44165
5841.4044	44627
5841.9211	43981
5842.438	44177
5842.9549	43828
5843.4719	43759
5843.989	42898
5844.5062	42698
5845.0235	42418
5845.5409	42423
5846.0584	42282
5846.576	41709
5847.0937	41264
5847.6115	41293
5848.1293	41507
5848.6473	40946
5849.1654	41349
5849.6836	41829
5850.2018	41867
5850.7202	41240
5851.2386	40899
5851.7572	40376
5852.2758	39487
5852.7946	39184
5853.3134	38728
5853.8324	39043
5854.3514	39002
5854.8705	39201
5855.3897	38475
5855.9091	37358
5856.4285	36900
5856.948	35637
5857.4676	35691
5857.9873	35378
5858.5071	35884
5859.027	37083
5859.547	37853
5860.0671	38214
5860.5873	38350
5861.1076	37932
5861.628	38007
5862.1484	37328
5862.669	37699
5863.1897	38205
5863.7105	38147
5864.2313	38553
5864.7523	37922
5865.2734	37596
5865.7945	36905
5866.3158	36618
5866.8371	36974
5867.3586	37328
5867.8801	37505
5868.4018	37966
5868.9235	37970
5869.4453	38344
5869.9673	37830
5870.4893	37766
5871.0114	37215
5871.5337	37388
5872.056	37172
5872.5784	36744
5873.1009	36951
5873.6235	36773
5874.1462	36769
5874.6691	36508
5875.192	36200
5875.715	36148
5876.2381	36076
5876.7613	35956
5877.2846	35724
5877.8079	35507
5878.3314	35534
5878.855	34893
5879.3787	34463
5879.9025	34321
5880.4264	34272
5880.9503	34117
5881.4744	34554
5881.9986	34438
5882.5229	33539
5883.0472	33275
5883.5717	33321
5884.0963	32708
5884.6209	32851
5885.1457	32626
5885.6705	32539
5886.1955	32127
5886.7205	31131
5887.2457	29660
5887.7709	27552
5888.2963	25027
5888.8217	22251
5889.3473	20290
5889.8729	20166
5890.3986	20212
5890.9245	22003
5891.4504	24051
5891.9764	25684
5892.5026	26999
5893.0288	27460
5893.5551	26754
5894.0815	25602
5894.6081	23580
5895.1347	22022
5895.6614	21380
5896.1882	21808
5896.7151	23167
5897.2421	25166
5897.7693	26848
5898.2965	28002
5898.8238	29031
5899.3512	29392
5899.8787	29728
5900.4063	30247
5900.934	30418
5901.4618	30804
5901.9897	30500
5902.5177	30574
5903.0458	30904
5903.574	30573
5904.1023	30599
5904.6307	30198
5905.1592	29892
5905.6877	29900
5906.2164	29838
5906.7452	30024
5907.2741	30370
5907.8031	29920
5908.3322	29901
5908.8614	29878
5909.3906	29857
5909.92	29704
5910.4495	29883
5910.9791	29731
5911.5088	29593
5912.0385	29324
5912.5684	29122
5913.0984	28339
5913.6285	27982
5914.1586	27513
5914.6889	26984
5915.2193	27296
5915.7497	27654
5916.2803	27701
5916.811	27868
5917.3417	27983
5917.8726	27703
5918.4036	28144
5918.9346	28241
5919.4658	28032
5919.9971	28282
5920.5284	28155
5921.0599	28189
5921.5915	27660
5922.1231	27607
5922.6549	27381
5923.1867	27421
5923.7187	27461
5924.2508	27468
5924.7829	27475
5925.3152	27577
5925.8475	27473
5926.38	27372
5926.9126	27160
5927.4452	26638
5927.978	26016
5928.5108	25483
5929.0438	25311
5929.5769	24943
5930.11	24980
5930.6433	25151
5931.1766	25307
5931.7101	25694
5932.2436	25705
5932.7773	25704
5933.3111	25459
5933.8449	24865
5934.3789	24730
5934.9129	24540
5935.4471	24995
5935.9813	25161
5936.5157	25258
5937.0502	25222
5937.5847	25343
5938.1194	25353
5938.6541	25063
5939.189	24769
5939.724	24743
5940.259	24251
5940.7942	23974
5941.3294	23688
5941.8648	23307
5942.4003	23548
5942.9358	23753
5943.4715	24225
5944.0073	23890
5944.5431	23933
5945.0791	23821
5945.6152	23950
5946.1513	23783
5946.6876	23298
5947.224	23204
5947.7604	22452
5948.297	22246
5948.8337	22246
5949.3705	22209
5949.9073	22663
5950.4443	22598
5950.9814	22501
5951.5186	22205
5952.0558	21676
5952.5932	21613
5953.1307	21723
5953.6683	21898
5954.2059	21797
5954.7437	22090
5955.2816	21732
5955.8196	21422
5956.3577	21206
5956.8959	21074
5957.4342	21025
5957.9725	21058
5958.511	21335
5959.0496	21193
5959.5883	21291
5960.1271	21205
5960.666	21370
5961.205	21484
5961.7441	21019
5962.2833	20990
5962.8226	21095
5963.362	21036
5963.9015	20847
5964.4411	20398
5964.9809	20286
5965.5207	20066
5966.0606	19985
5966.6006	20123
5967.1407	20174
5967.6809	19893
5968.2212	20047
5968.7617	20295
5969.3022	19782
5969.8428	19994
5970.3835	19779
5970.9244	20016
5971.4653	20094
5972.0063	19694
5972.5475	19691
5973.0887	19334
5973.6301	19059
5974.1715	18879
5974.713	18909
5975.2547	18300
5975.7964	18085
5976.3383	17836
5976.8802	17773
5977.4223	17932
5977.9645	17741
5978.5067	17983
5979.0491	18040
5979.5916	18089
5980.1341	18263
5980.6768	18304
5981.2196	18152
5981.7624	17909
5982.3054	17420
5982.8485	17265
5983.3917	16850
5983.935	16378
5984.4784	16240
5985.0219	16266
5985.5654	16551
5986.1091	16412
5986.6529	16508
5987.1968	16788
5987.7409	16693
5988.285	16761
5988.8292	16939
5989.3735	16827
5989.9179	16659
5990.4624	16758
5991.0071	16679
5991.5518	16643
5992.0966	16427
5992.6415	16590
5993.1866	16556
5993.7317	16428
5994.277	16311
5994.8223	15979
5995.3678	16128
5995.9133	15918
5996.459	15497
5997.0047	15206
5997.5506	15322
5998.0966	15257
5998.6426	15043
5999.1888	15286
5999.7351	15144
6000.2815	15223
6000.8279	15108
6001.3745	14893
6001.9212	14808
6002.468	14638
6003.0149	14460
6003.5619	14344
6004.109	14660
6004.6562	14590
6005.2035	14503
6005.751	14307
6006.2985	14142
6006.8461	13742
6007.3938	13434
6007.9417	13211
6008.4896	13409
6009.0377	13718
6009.5858	13721
6010.1341	13872
6010.6824	14012
6011.2309	13722
6011.7794	13669
6012.3281	13268
6012.8769	13128
6013.4257	12868
6013.9747	13179
6014.5238	13103
6015.073	12981
6015.6223	12742
6016.1717	12823
6016.7212	12803
6017.2708	12640
6017.8205	12855
6018.3703	12798
6018.9202	12424
6019.4703	12177
6020.0204	11951
6020.5706	11860
6021.121	11524
6021.6714	11959
6022.222	11921
6022.7726	12049
6023.3234	11919
6023.8742	11884
6024.4252	11825
6024.9763	12008
6025.5275	11917
6026.0787	12054
6026.6301	12020
6027.1816	11983
6027.7332	11943
6028.2849	11977
6028.8367	11774
6029.3886	11867
6029.9407	11806
6030.4928	11577
6031.045	11534
6031.5973	11742
6032.1498	11683
6032.7023	11580
6033.255	11576
6033.8077	11548
6034.3606	11578
6034.9136	11547
6035.4666	11450
6036.0198	11320
6036.5731	11042
6037.1265	11173
6037.68	11224
6038.2336	11007
6038.7873	11072
6039.3411	10875
6039.895	10678
6040.449	10584
6041.0032	10348
6041.5574	10399
6042.1118	10442
6042.6662	10403
6043.2208	10511
6043.7754	10490
6044.3302	10302
6044.885	10333
6045.44	10240
6045.9951	10316
6046.5503	10288
6047.1056	10040
6047.661	10241
6048.2165	9886
6048.7721	10026
6049.3278	9867
6049.8837	10007
6050.4396	9886
6050.9956	9849
6051.5518	9607
6052.108	9698
6052.6644	9419
6053.2209	9464
6053.7774	9265
6054.3341	9063
6054.8909	9105
6055.4478	8913
6056.0048	9007
6056.5619	8954
6057.1191	8959
6057.6764	8876
6058.2339	9014
6058.7914	8874
6059.349	8840
6059.9068	8929
6060.4646	8945
6061.0226	8837
6061.5807	8680
6062.1389	8649
6062.6971	8456
6063.2555	8301
6063.814	8211
6064.3726	7986
6064.9313	8007
6065.4902	8081
6066.0491	7938
6066.6081	8079
6067.1673	8157
6067.7265	8217
6068.2859	8146
6068.8453	8126
6069.4049	7984
6069.9646	8083
6070.5244	8014
6071.0843	7959
6071.6443	7873
6072.2044	7741
6072.7646	7858
6073.3249	7814
6073.8853	7761
6074.4459	7681
6075.0065	7622
6075.5673	7407
6076.1282	7429
6076.6891	7271
6077.2502	7121
6077.8114	7102
6078.3727	6987
6078.9341	6877
6079.4956	6975
6080.0572	6904
6080.6189	6800
6081.1808	6690
6081.7427	6896
6082.3048	6761
6082.8669	6808
6083.4292	6633
6083.9916	6645
6084.5541	6559
6085.1167	6553
6085.6794	6411
6086.2422	6385
6086.8051	6524
6087.3681	6368
6087.9313	6518
6088.4945	6436
6089.0579	6149
6089.6213	6217
6090.1849	6118
6090.7486	6172
6091.3124	6068
6091.8763	5989
6092.4403	5997
6093.0044	6018
6093.5686	6090
6094.133	6098
6094.6974	5966
6095.262	5803
6095.8266	5889
6096.3914	5929
6096.9563	5765
6097.5213	5759
6098.0864	5695
6098.6516	5625
6099.2169	5740
6099.7823	5633
6100.3478	5697
6100.9135	5337
6101.4792	5100
6102.0451	5019
6102.6111	4986
6103.1772	5038
6103.7434	4977
6104.3097	5199
6104.8761	5183
6105.4426	5358
6106.0092	5216
6106.576	5175
6107.1428	5177
6107.7098	5109
6108.2769	5121
6108.844	5150
6109.4113	5056
6109.9787	5004
6110.5462	4954
6111.1139	4912
6111.6816	4894
6112.2494	4876
6112.8174	4820
6113.3854	4881
6113.9536	4970
6114.5219	4816
6115.0903	4823
6115.6588	4754
6116.2274	4762
6116.7961	4659
6117.3649	4696
6117.9339	4564
6118.5029	4509
6119.0721	4591
6119.6414	4379
6120.2108	4323
6120.7803	4136
6121.3499	4071
6121.9196	3991
6122.4894	3921
6123.0594	4050
6123.6294	4079
6124.1996	4122
6124.7698	4248
6125.3402	4200
6125.9107	4209
6126.4813	4216
6127.052	4081
6127.6229	4008
6128.1938	4059
6128.7648	4020
6129.336	3890
6129.9073	3848
6130.4787	3932
6131.0502	3965
6131.6218	3908
6132.1935	3879
6132.7653	3951
6133.3372	3824
6133.9093	3821
6134.4815	3684
6135.0537	3500
6135.6261	3424
6136.1986	3292
6136.7712	3193
6137.3439	3225
6137.9168	3300
6138.4897	3405
6139.0628	3396
6139.6359	3477
6140.2092	3295
6140.7826	3357
6141.3561	3323
6141.9297	3266
6142.5035	3225
6143.0773	3287
6143.6512	3235
6144.2253	3185
6144.7995	3166
6145.3738	3106
6145.9482	3144
6146.5227	3130
6147.0973	3108
6147.672	3011
6148.2469	2961
6148.8218	2909
6149.3969	2921
6149.9721	2878
6150.5474	2796
6151.1228	2781
6151.6983	2823
6152.274	2761
6152.8497	2716
6153.4256	2700
6154.0016	2651
6154.5776	2489
6155.1538	2559
6155.7302	2431
6156.3066	2461
6156.8831	2442
6157.4598	2410
6158.0365	2440
6158.6134	2402
6159.1904	2281
6159.7675	2233
6160.3447	2182
6160.9221	2082
6161.4995	2025
6162.0771	1962
6162.6547	2000
6163.2325	2030
6163.8104	2063
6164.3884	2128
6164.9665	2132
6165.5448	2235
6166.1231	2246
6166.7016	2376
6167.2802	2431
6167.8589	2463
6168.4377	2607
6169.0166	2711
6169.5956	2825
6170.1748	2965
6170.754	3582
6171.3334	1297
6171.9129	1300
6172.4925	1323
6173.0722	1303
6173.652	1328
6174.232	1301
6174.812	1315
6175.3922	1307
6175.9725	1303
6176.5529	1267
6177.1334	1316
6177.714	1292
6178.2948	1290
6178.8756	1296
6179.4566	1295
6180.0377	1311
6180.6189	1100
6181.2002	1326
